# BEGIN METADATA
# {
#   "channel_width": 30.0,
#   "flow_rate": 0.25,
#   "fluid_viscosity": 4.24,
#   "scaled_from": "20220826_HyperelasticLookup_3D_nonNewtonian_All_lut.txt"
# }
# END METADATA
#
# area_um [um^2]	deform	emodulus [kPa]
6.560707e+01	4.006400e-02	5.978114e-01
7.645095e+01	5.207600e-02	5.978114e-01
6.581722e+01	3.557800e-02	6.233045e-01
7.682805e+01	4.518100e-02	6.233045e-01
8.754120e+01	5.764400e-02	6.233045e-01
7.841880e+01	1.547900e-02	9.559885e-01
8.990392e+01	1.812600e-02	9.559885e-01
1.923120e+02	5.236700e-02	9.559885e-01
2.036666e+02	5.761600e-02	9.559885e-01
2.149398e+02	6.444000e-02	9.559885e-01
2.261880e+02	7.125300e-02	9.559885e-01
1.013776e+02	2.107500e-02	9.559885e-01
1.127914e+02	2.419300e-02	9.559885e-01
1.242443e+02	2.730400e-02	9.559885e-01
1.355904e+02	3.089000e-02	9.559885e-01
1.470321e+02	3.457700e-02	9.559885e-01
1.583548e+02	3.852000e-02	9.559885e-01
1.697305e+02	4.260900e-02	9.559885e-01
1.810519e+02	4.713900e-02	9.559885e-01
6.692625e+01	1.151700e-02	1.008249e+00
7.850857e+01	1.377200e-02	1.008249e+00
1.816263e+02	4.067000e-02	1.008249e+00
1.929938e+02	4.485800e-02	1.008249e+00
2.044573e+02	4.902400e-02	1.008249e+00
2.159163e+02	5.393300e-02	1.008249e+00
2.274075e+02	5.890800e-02	1.008249e+00
2.389118e+02	6.407100e-02	1.008249e+00
2.503283e+02	7.020300e-02	1.008249e+00
9.002228e+01	1.609200e-02	1.008249e+00
1.015315e+02	1.865800e-02	1.008249e+00
1.129862e+02	2.135900e-02	1.008249e+00
1.244851e+02	2.404100e-02	1.008249e+00
1.358861e+02	2.710200e-02	1.008249e+00
1.473802e+02	3.023700e-02	1.008249e+00
1.702193e+02	3.696500e-02	1.008249e+00
7.858867e+01	1.225000e-02	1.064334e+00
9.012690e+01	1.428600e-02	1.064334e+00
1.935250e+02	3.881600e-02	1.064334e+00
2.050553e+02	4.226000e-02	1.064334e+00
2.165971e+02	4.617600e-02	1.064334e+00
2.281860e+02	5.018400e-02	1.064334e+00
2.397938e+02	5.428800e-02	1.064334e+00
2.513970e+02	5.884500e-02	1.064334e+00
2.632208e+02	6.391700e-02	1.064334e+00
2.748938e+02	6.895700e-02	1.064334e+00
2.867197e+02	7.553800e-02	1.064334e+00
2.985953e+02	8.162300e-02	1.064334e+00
1.016669e+02	1.652500e-02	1.064334e+00
1.131561e+02	1.887300e-02	1.064334e+00
1.246939e+02	2.119800e-02	1.064334e+00
1.361396e+02	2.383000e-02	1.064334e+00
1.476756e+02	2.652200e-02	1.064334e+00
1.706198e+02	3.224200e-02	1.064334e+00
1.820871e+02	3.534900e-02	1.064334e+00
6.703538e+01	9.127000e-03	1.125517e+00
7.866135e+01	1.087100e-02	1.125517e+00
1.824745e+02	3.079900e-02	1.125517e+00
1.939630e+02	3.371400e-02	1.125517e+00
2.055393e+02	3.661300e-02	1.125517e+00
2.171293e+02	3.985100e-02	1.125517e+00
2.287733e+02	4.319000e-02	1.125517e+00
2.404327e+02	4.659700e-02	1.125517e+00
2.521080e+02	5.028100e-02	1.125517e+00
2.639790e+02	5.423300e-02	1.125517e+00
2.757353e+02	5.816200e-02	1.125517e+00
2.876918e+02	6.281200e-02	1.125517e+00
9.022118e+01	1.265800e-02	1.125517e+00
2.997450e+02	6.725500e-02	1.125517e+00
3.240742e+02	7.746200e-02	1.125517e+00
3.366000e+02	8.234800e-02	1.125517e+00
1.017880e+02	1.461100e-02	1.125517e+00
1.133077e+02	1.665300e-02	1.125517e+00
1.248781e+02	1.867100e-02	1.125517e+00
1.363617e+02	2.094000e-02	1.125517e+00
1.479332e+02	2.326200e-02	1.125517e+00
1.594177e+02	2.569300e-02	1.125517e+00
1.709611e+02	2.815700e-02	1.125517e+00
9.030555e+01	1.120100e-02	1.191799e+00
1.018957e+02	1.290600e-02	1.191799e+00
2.059382e+02	3.183000e-02	1.191799e+00
2.175610e+02	3.456700e-02	1.191799e+00
2.292435e+02	3.739000e-02	1.191799e+00
2.409300e+02	4.027600e-02	1.191799e+00
2.526390e+02	4.334600e-02	1.191799e+00
2.645235e+02	4.661300e-02	1.191799e+00
2.762978e+02	4.989200e-02	1.191799e+00
3.003458e+02	5.725300e-02	1.191799e+00
3.126150e+02	6.092800e-02	1.191799e+00
1.134418e+02	1.468300e-02	1.191799e+00
3.247155e+02	6.516400e-02	1.191799e+00
3.372323e+02	6.922600e-02	1.191799e+00
3.497198e+02	7.303200e-02	1.191799e+00
3.624232e+02	7.759000e-02	1.191799e+00
3.880417e+02	8.603600e-02	1.191799e+00
1.250404e+02	1.643800e-02	1.191799e+00
1.365563e+02	1.840100e-02	1.191799e+00
1.481571e+02	2.040900e-02	1.191799e+00
1.596766e+02	2.250400e-02	1.191799e+00
1.712534e+02	2.462100e-02	1.191799e+00
1.828024e+02	2.688500e-02	1.191799e+00
1.943309e+02	2.936600e-02	1.191799e+00
7.878510e+01	8.515000e-03	1.264454e+00
9.038137e+01	9.886000e-03	1.264454e+00
1.946459e+02	2.557800e-02	1.264454e+00
2.062782e+02	2.768300e-02	1.264454e+00
2.179249e+02	3.001900e-02	1.264454e+00
2.296350e+02	3.242600e-02	1.264454e+00
2.413350e+02	3.489200e-02	1.264454e+00
2.530642e+02	3.748800e-02	1.264454e+00
2.649488e+02	4.025300e-02	1.264454e+00
2.767230e+02	4.305000e-02	1.264454e+00
2.886975e+02	4.614300e-02	1.264454e+00
1.019927e+02	1.137200e-02	1.264454e+00
3.129862e+02	5.236000e-02	1.264454e+00
3.250620e+02	5.570300e-02	1.264454e+00
3.625852e+02	6.630400e-02	1.264454e+00
3.752955e+02	6.962500e-02	1.264454e+00
3.880867e+02	7.338200e-02	1.264454e+00
4.011728e+02	7.683200e-02	1.264454e+00
4.143847e+02	8.022900e-02	1.264454e+00
4.278240e+02	8.408400e-02	1.264454e+00
4.413420e+02	8.756300e-02	1.264454e+00
1.135624e+02	1.291700e-02	1.264454e+00
1.251846e+02	1.444300e-02	1.264454e+00
1.367289e+02	1.614000e-02	1.264454e+00
1.483549e+02	1.787900e-02	1.264454e+00
1.599039e+02	1.968600e-02	1.264454e+00
1.715085e+02	2.150900e-02	1.264454e+00
1.830865e+02	2.345700e-02	1.264454e+00
6.716273e+01	6.337000e-03	1.343482e+00
7.883775e+01	7.512000e-03	1.343482e+00
1.833318e+02	2.046600e-02	1.343482e+00
1.949171e+02	2.228600e-02	1.343482e+00
2.065680e+02	2.409600e-02	1.343482e+00
2.182313e+02	2.609700e-02	1.343482e+00
2.299613e+02	2.816300e-02	1.343482e+00
2.416703e+02	3.028000e-02	1.343482e+00
2.534130e+02	3.249900e-02	1.343482e+00
2.652908e+02	3.486500e-02	1.343482e+00
2.770582e+02	3.727300e-02	1.343482e+00
9.044910e+01	8.711000e-03	1.343482e+00
3.010545e+02	4.253500e-02	1.343482e+00
3.132405e+02	4.524800e-02	1.343482e+00
3.252735e+02	4.805500e-02	1.343482e+00
3.376643e+02	5.115400e-02	1.343482e+00
3.499988e+02	5.401900e-02	1.343482e+00
3.625695e+02	5.729200e-02	1.343482e+00
3.751920e+02	6.020300e-02	1.343482e+00
3.878888e+02	6.343000e-02	1.343482e+00
4.009073e+02	6.662600e-02	1.343482e+00
4.139055e+02	6.970200e-02	1.343482e+00
1.020791e+02	1.000500e-02	1.343482e+00
4.272503e+02	7.304900e-02	1.343482e+00
4.405635e+02	7.634400e-02	1.343482e+00
4.540275e+02	7.952600e-02	1.343482e+00
4.675275e+02	8.282700e-02	1.343482e+00
4.778213e+02	8.519200e-02	1.343482e+00
4.917150e+02	8.827100e-02	1.343482e+00
1.136693e+02	1.134800e-02	1.343482e+00
1.253124e+02	1.267500e-02	1.343482e+00
1.368805e+02	1.414400e-02	1.343482e+00
1.485284e+02	1.565000e-02	1.343482e+00
1.601024e+02	1.721200e-02	1.343482e+00
1.717299e+02	1.878600e-02	1.343482e+00
6.719760e+01	5.574000e-03	1.431433e+00
7.888590e+01	6.598000e-03	1.431433e+00
1.835489e+02	1.779600e-02	1.431433e+00
1.951558e+02	1.935600e-02	1.431433e+00
2.068225e+02	2.091100e-02	1.431433e+00
2.184993e+02	2.262700e-02	1.431433e+00
2.302448e+02	2.440100e-02	1.431433e+00
2.419605e+02	2.621900e-02	1.431433e+00
2.537122e+02	2.811900e-02	1.431433e+00
2.655788e+02	3.014900e-02	1.431433e+00
2.773372e+02	3.222500e-02	1.431433e+00
2.892758e+02	3.445600e-02	1.431433e+00
9.051075e+01	7.642000e-03	1.431433e+00
3.012908e+02	3.673800e-02	1.431433e+00
3.134295e+02	3.909000e-02	1.431433e+00
3.254175e+02	4.149700e-02	1.431433e+00
3.377565e+02	4.419200e-02	1.431433e+00
3.500415e+02	4.672800e-02	1.431433e+00
3.624862e+02	4.958600e-02	1.431433e+00
3.750097e+02	5.217500e-02	1.431433e+00
3.876165e+02	5.501800e-02	1.431433e+00
4.005045e+02	5.789500e-02	1.431433e+00
4.133587e+02	6.070300e-02	1.431433e+00
1.021572e+02	8.764000e-03	1.431433e+00
4.265663e+02	6.367400e-02	1.431433e+00
4.397107e+02	6.672400e-02	1.431433e+00
4.530398e+02	6.951300e-02	1.431433e+00
4.663755e+02	7.250400e-02	1.431433e+00
4.765297e+02	7.465600e-02	1.431433e+00
4.902503e+02	7.728800e-02	1.431433e+00
5.039887e+02	7.961800e-02	1.431433e+00
5.179905e+02	8.255800e-02	1.431433e+00
1.137661e+02	9.928000e-03	1.431433e+00
1.254278e+02	1.107700e-02	1.431433e+00
1.370171e+02	1.234600e-02	1.431433e+00
1.486838e+02	1.364800e-02	1.431433e+00
1.602794e+02	1.499300e-02	1.431433e+00
1.719268e+02	1.635000e-02	1.431433e+00
6.722865e+01	4.896000e-03	1.527032e+00
7.892843e+01	5.787000e-03	1.527032e+00
1.837370e+02	1.547000e-02	1.527032e+00
1.953619e+02	1.681000e-02	1.527032e+00
2.070414e+02	1.814900e-02	1.527032e+00
2.187283e+02	1.962500e-02	1.527032e+00
2.304855e+02	2.115000e-02	1.527032e+00
2.422035e+02	2.271600e-02	1.527032e+00
2.539620e+02	2.434800e-02	1.527032e+00
2.658195e+02	2.609700e-02	1.527032e+00
2.775690e+02	2.789100e-02	1.527032e+00
2.894895e+02	2.980600e-02	1.527032e+00
9.056520e+01	6.695000e-03	1.527032e+00
3.014798e+02	3.178100e-02	1.527032e+00
3.135757e+02	3.382800e-02	1.527032e+00
3.255345e+02	3.590700e-02	1.527032e+00
3.377993e+02	3.826400e-02	1.527032e+00
3.500235e+02	4.051400e-02	1.527032e+00
3.623782e+02	4.302000e-02	1.527032e+00
3.748095e+02	4.532800e-02	1.527032e+00
4.000905e+02	5.042500e-02	1.527032e+00
4.128187e+02	5.299400e-02	1.527032e+00
1.022263e+02	7.669000e-03	1.527032e+00
4.258867e+02	5.568000e-02	1.527032e+00
4.388805e+02	5.848900e-02	1.527032e+00
4.520632e+02	6.103500e-02	1.527032e+00
4.652505e+02	6.378000e-02	1.527032e+00
4.752697e+02	6.575800e-02	1.527032e+00
4.888283e+02	6.822800e-02	1.527032e+00
5.023845e+02	7.060700e-02	1.527032e+00
5.161658e+02	7.328900e-02	1.527032e+00
5.300235e+02	7.589400e-02	1.527032e+00
1.138513e+02	8.676000e-03	1.527032e+00
1.255288e+02	9.672000e-03	1.527032e+00
1.371366e+02	1.076700e-02	1.527032e+00
1.488200e+02	1.189300e-02	1.527032e+00
1.604340e+02	1.305400e-02	1.527032e+00
1.720980e+02	1.422300e-02	1.527032e+00
6.725655e+01	4.286000e-03	1.632828e+00
7.896690e+01	5.059000e-03	1.632828e+00
1.839029e+02	1.340900e-02	1.632828e+00
1.955434e+02	1.455900e-02	1.632828e+00
2.072331e+02	1.571000e-02	1.632828e+00
2.189286e+02	1.697800e-02	1.632828e+00
2.306970e+02	1.828800e-02	1.632828e+00
2.424150e+02	1.963400e-02	1.632828e+00
2.541757e+02	2.103700e-02	1.632828e+00
2.660265e+02	2.254200e-02	1.632828e+00
2.777670e+02	2.409100e-02	1.632828e+00
2.896673e+02	2.573400e-02	1.632828e+00
9.061402e+01	5.846000e-03	1.632828e+00
3.016372e+02	2.744200e-02	1.632828e+00
3.137018e+02	2.922000e-02	1.632828e+00
3.256155e+02	3.102300e-02	1.632828e+00
3.378218e+02	3.307900e-02	1.632828e+00
3.499875e+02	3.506200e-02	1.632828e+00
3.622613e+02	3.726300e-02	1.632828e+00
3.746070e+02	3.931600e-02	1.632828e+00
3.996855e+02	4.385300e-02	1.632828e+00
4.122990e+02	4.618600e-02	1.632828e+00
1.022882e+02	6.687000e-03	1.632828e+00
4.252298e+02	4.862700e-02	1.632828e+00
4.380840e+02	5.119400e-02	1.632828e+00
4.511295e+02	5.353500e-02	1.632828e+00
4.641728e+02	5.606900e-02	1.632828e+00
4.740637e+02	5.789100e-02	1.632828e+00
4.874602e+02	6.025300e-02	1.632828e+00
5.008455e+02	6.254700e-02	1.632828e+00
5.281245e+02	6.753800e-02	1.632828e+00
1.139276e+02	7.557000e-03	1.632828e+00
1.256191e+02	8.417000e-03	1.632828e+00
1.372432e+02	9.360000e-03	1.632828e+00
1.489410e+02	1.033100e-02	1.632828e+00
1.605712e+02	1.133100e-02	1.632828e+00
1.722492e+02	1.233600e-02	1.632828e+00
6.600150e+01	3.161300e-02	6.513468e-01
7.713428e+01	3.955200e-02	6.513468e-01
8.807243e+01	4.894600e-02	6.513468e-01
6.728175e+01	3.734000e-03	1.751371e+00
7.900155e+01	4.400000e-03	1.751371e+00
1.840502e+02	1.157000e-02	1.751371e+00
1.957045e+02	1.255300e-02	1.751371e+00
2.074025e+02	1.353800e-02	1.751371e+00
2.191057e+02	1.462300e-02	1.751371e+00
2.308815e+02	1.574500e-02	1.751371e+00
2.426017e+02	1.689800e-02	1.751371e+00
2.543648e+02	1.810000e-02	1.751371e+00
2.662065e+02	1.939100e-02	1.751371e+00
2.779380e+02	2.072200e-02	1.751371e+00
2.898202e+02	2.212900e-02	1.751371e+00
9.065790e+01	5.079000e-03	1.751371e+00
3.017677e+02	2.360300e-02	1.751371e+00
3.137962e+02	2.514100e-02	1.751371e+00
3.256785e+02	2.670100e-02	1.751371e+00
3.378330e+02	2.848400e-02	1.751371e+00
3.499425e+02	3.022300e-02	1.751371e+00
3.621420e+02	3.214800e-02	1.751371e+00
3.744090e+02	3.396500e-02	1.751371e+00
3.993030e+02	3.798600e-02	1.751371e+00
4.118063e+02	4.008600e-02	1.751371e+00
1.023439e+02	5.802000e-03	1.751371e+00
4.246087e+02	4.229400e-02	1.751371e+00
4.373325e+02	4.461900e-02	1.751371e+00
4.502475e+02	4.677300e-02	1.751371e+00
4.631513e+02	4.910200e-02	1.751371e+00
4.729207e+02	5.078800e-02	1.751371e+00
4.861597e+02	5.302900e-02	1.751371e+00
4.993853e+02	5.520800e-02	1.751371e+00
5.127862e+02	5.759000e-02	1.751371e+00
5.263155e+02	5.992700e-02	1.751371e+00
5.399032e+02	6.207100e-02	1.751371e+00
1.139965e+02	6.550000e-03	1.751371e+00
1.257003e+02	7.290000e-03	1.751371e+00
1.373384e+02	8.098000e-03	1.751371e+00
1.490490e+02	8.932000e-03	1.751371e+00
1.606936e+02	9.788000e-03	1.751371e+00
1.723842e+02	1.065000e-02	1.751371e+00
6.730402e+01	3.248000e-03	1.881385e+00
7.903193e+01	3.821000e-03	1.881385e+00
1.841782e+02	9.969000e-03	1.881385e+00
1.958445e+02	1.080900e-02	1.881385e+00
2.075488e+02	1.165100e-02	1.881385e+00
2.192585e+02	1.257900e-02	1.881385e+00
2.310412e+02	1.354000e-02	1.881385e+00
2.427615e+02	1.452600e-02	1.881385e+00
2.545268e+02	1.555600e-02	1.881385e+00
2.663595e+02	1.666300e-02	1.881385e+00
2.780842e+02	1.780700e-02	1.881385e+00
2.899485e+02	1.901100e-02	1.881385e+00
9.069660e+01	4.405000e-03	1.881385e+00
3.018780e+02	2.028200e-02	1.881385e+00
3.138750e+02	2.161000e-02	1.881385e+00
3.257258e+02	2.295900e-02	1.881385e+00
3.378352e+02	2.450300e-02	1.881385e+00
3.498952e+02	2.602000e-02	1.881385e+00
3.620295e+02	2.770100e-02	1.881385e+00
3.742245e+02	2.930200e-02	1.881385e+00
3.865027e+02	3.105800e-02	1.881385e+00
3.989520e+02	3.285800e-02	1.881385e+00
4.113585e+02	3.473800e-02	1.881385e+00
1.023930e+02	5.026000e-03	1.881385e+00
4.240395e+02	3.672400e-02	1.881385e+00
4.366440e+02	3.881900e-02	1.881385e+00
4.494375e+02	4.079300e-02	1.881385e+00
4.622130e+02	4.292400e-02	1.881385e+00
4.849605e+02	4.658800e-02	1.881385e+00
4.980443e+02	4.864200e-02	1.881385e+00
5.112697e+02	5.088600e-02	1.881385e+00
5.246392e+02	5.309500e-02	1.881385e+00
5.380672e+02	5.516100e-02	1.881385e+00
1.140568e+02	5.668000e-03	1.881385e+00
5.516347e+02	5.746200e-02	1.881385e+00
1.257712e+02	6.303000e-03	1.881385e+00
1.374217e+02	6.995000e-03	1.881385e+00
1.491435e+02	7.710000e-03	1.881385e+00
1.608005e+02	8.443000e-03	1.881385e+00
1.725014e+02	9.181000e-03	1.881385e+00
6.732382e+01	2.814000e-03	2.026696e+00
7.905915e+01	3.305000e-03	2.026696e+00
1.842910e+02	8.554000e-03	2.026696e+00
1.959678e+02	9.269000e-03	2.026696e+00
2.076775e+02	9.987000e-03	2.026696e+00
2.193928e+02	1.077800e-02	2.026696e+00
2.311807e+02	1.159700e-02	2.026696e+00
2.429010e+02	1.243800e-02	2.026696e+00
2.546662e+02	1.331600e-02	2.026696e+00
2.664923e+02	1.426200e-02	2.026696e+00
2.782102e+02	1.524200e-02	2.026696e+00
2.900610e+02	1.626800e-02	2.026696e+00
9.073103e+01	3.805000e-03	2.026696e+00
3.019725e+02	1.736000e-02	2.026696e+00
3.139402e+02	1.850200e-02	2.026696e+00
3.257663e+02	1.966300e-02	2.026696e+00
3.498480e+02	2.231000e-02	2.026696e+00
3.619260e+02	2.376900e-02	2.026696e+00
3.740558e+02	2.517100e-02	2.026696e+00
3.862643e+02	2.671000e-02	2.026696e+00
3.986280e+02	2.829600e-02	2.026696e+00
4.109445e+02	2.996500e-02	2.026696e+00
1.024364e+02	4.336000e-03	2.026696e+00
4.235175e+02	3.173900e-02	2.026696e+00
4.360117e+02	3.361400e-02	2.026696e+00
4.486928e+02	3.540800e-02	2.026696e+00
4.613468e+02	3.734400e-02	2.026696e+00
4.838490e+02	4.073400e-02	2.026696e+00
4.967955e+02	4.265700e-02	2.026696e+00
5.098590e+02	4.475400e-02	2.026696e+00
5.230868e+02	4.682600e-02	2.026696e+00
5.363347e+02	4.881700e-02	2.026696e+00
1.141103e+02	4.884000e-03	2.026696e+00
5.497425e+02	5.098000e-02	2.026696e+00
1.258340e+02	5.427000e-03	2.026696e+00
1.374955e+02	6.017000e-03	2.026696e+00
1.492272e+02	6.627000e-03	2.026696e+00
1.608950e+02	7.253000e-03	2.026696e+00
1.726049e+02	7.882000e-03	2.026696e+00
6.734160e+01	2.428000e-03	2.189851e+00
7.908345e+01	2.847000e-03	2.189851e+00
1.843900e+02	7.306000e-03	2.189851e+00
1.960760e+02	7.912000e-03	2.189851e+00
2.077904e+02	8.522000e-03	2.189851e+00
2.195104e+02	9.192000e-03	2.189851e+00
2.313023e+02	9.888000e-03	2.189851e+00
2.430247e+02	1.060200e-02	2.189851e+00
2.547900e+02	1.134800e-02	2.189851e+00
2.666070e+02	1.215200e-02	2.189851e+00
2.783183e+02	1.298600e-02	2.189851e+00
2.901555e+02	1.385800e-02	2.189851e+00
9.076140e+01	3.273000e-03	2.189851e+00
3.020535e+02	1.479000e-02	2.189851e+00
3.139942e+02	1.576700e-02	2.189851e+00
3.257978e+02	1.676100e-02	2.189851e+00
3.498030e+02	1.903700e-02	2.189851e+00
3.618270e+02	2.029500e-02	2.189851e+00
3.738982e+02	2.151400e-02	2.189851e+00
3.860505e+02	2.285400e-02	2.189851e+00
3.983333e+02	2.424200e-02	2.189851e+00
4.105710e+02	2.571100e-02	2.189851e+00
1.024751e+02	3.724000e-03	2.189851e+00
4.230405e+02	2.728300e-02	2.189851e+00
4.354357e+02	2.894700e-02	2.189851e+00
4.480088e+02	3.056300e-02	2.189851e+00
4.700115e+02	3.362100e-02	2.189851e+00
4.956390e+02	3.719800e-02	2.189851e+00
5.085517e+02	3.914300e-02	2.189851e+00
5.216377e+02	4.107700e-02	2.189851e+00
5.347283e+02	4.296400e-02	2.189851e+00
1.141578e+02	4.189000e-03	2.189851e+00
5.479762e+02	4.499700e-02	2.189851e+00
5.612040e+02	4.686400e-02	2.189851e+00
1.258898e+02	4.651000e-03	2.189851e+00
1.375607e+02	5.152000e-03	2.189851e+00
1.493010e+02	5.671000e-03	2.189851e+00
1.609783e+02	6.202000e-03	2.189851e+00
1.726960e+02	6.735000e-03	2.189851e+00
6.735735e+01	2.085000e-03	2.374675e+00
7.910482e+01	2.439000e-03	2.374675e+00
1.844773e+02	6.205000e-03	2.374675e+00
1.961716e+02	6.716000e-03	2.374675e+00
2.078896e+02	7.230000e-03	2.374675e+00
2.196137e+02	7.795000e-03	2.374675e+00
2.314103e+02	8.382000e-03	2.374675e+00
2.431327e+02	8.985000e-03	2.374675e+00
2.548958e+02	9.615000e-03	2.374675e+00
2.667083e+02	1.029400e-02	2.374675e+00
2.784150e+02	1.100000e-02	2.374675e+00
2.902410e+02	1.173600e-02	2.374675e+00
9.078862e+01	2.800000e-03	2.374675e+00
3.021232e+02	1.252800e-02	2.374675e+00
3.140415e+02	1.335800e-02	2.374675e+00
3.258247e+02	1.420400e-02	2.374675e+00
3.378218e+02	1.517300e-02	2.374675e+00
3.497603e+02	1.614500e-02	2.374675e+00
3.617392e+02	1.722200e-02	2.374675e+00
3.737588e+02	1.827200e-02	2.374675e+00
3.858548e+02	1.943000e-02	2.374675e+00
3.980655e+02	2.063400e-02	2.374675e+00
4.102312e+02	2.191500e-02	2.374675e+00
1.025093e+02	3.181000e-03	2.374675e+00
4.226062e+02	2.329400e-02	2.374675e+00
4.349137e+02	2.475900e-02	2.374675e+00
4.473855e+02	2.619800e-02	2.374675e+00
4.598213e+02	2.775700e-02	2.374675e+00
4.691925e+02	2.894200e-02	2.374675e+00
4.945725e+02	3.221000e-02	2.374675e+00
5.073435e+02	3.399600e-02	2.374675e+00
5.202923e+02	3.578700e-02	2.374675e+00
5.332342e+02	3.755800e-02	2.374675e+00
1.141999e+02	3.574000e-03	2.374675e+00
5.463270e+02	3.945900e-02	2.374675e+00
5.594040e+02	4.124000e-02	2.374675e+00
5.726137e+02	4.309000e-02	2.374675e+00
1.259390e+02	3.965000e-03	2.374675e+00
1.376183e+02	4.387000e-03	2.374675e+00
1.493663e+02	4.825000e-03	2.374675e+00
1.610519e+02	5.273000e-03	2.374675e+00
1.727766e+02	5.723000e-03	2.374675e+00
6.737107e+01	1.785000e-03	2.582443e+00
7.912373e+01	2.084000e-03	2.582443e+00
1.845531e+02	5.249000e-03	2.582443e+00
1.962544e+02	5.677000e-03	2.582443e+00
2.079756e+02	6.109000e-03	2.582443e+00
2.197030e+02	6.583000e-03	2.582443e+00
2.315048e+02	7.076000e-03	2.582443e+00
2.432250e+02	7.583000e-03	2.582443e+00
2.549880e+02	8.112000e-03	2.582443e+00
2.667960e+02	8.683000e-03	2.582443e+00
2.784982e+02	9.278000e-03	2.582443e+00
2.903130e+02	9.897000e-03	2.582443e+00
9.081225e+01	2.387000e-03	2.582443e+00
3.021840e+02	1.056500e-02	2.582443e+00
3.140797e+02	1.126600e-02	2.582443e+00
3.258450e+02	1.198200e-02	2.582443e+00
3.378150e+02	1.280200e-02	2.582443e+00
3.497220e+02	1.362900e-02	2.582443e+00
3.616605e+02	1.454500e-02	2.582443e+00
3.736327e+02	1.544400e-02	2.582443e+00
3.856815e+02	1.643600e-02	2.582443e+00
3.978293e+02	1.747300e-02	2.582443e+00
4.099275e+02	1.858100e-02	2.582443e+00
1.025392e+02	2.708000e-03	2.582443e+00
4.222215e+02	1.978100e-02	2.582443e+00
4.344457e+02	2.105800e-02	2.582443e+00
4.468252e+02	2.232900e-02	2.582443e+00
4.591643e+02	2.370900e-02	2.582443e+00
4.684545e+02	2.476800e-02	2.582443e+00
4.810252e+02	2.623400e-02	2.582443e+00
4.936050e+02	2.772400e-02	2.582443e+00
5.190638e+02	3.099400e-02	2.582443e+00
5.318685e+02	3.264100e-02	2.582443e+00
1.142365e+02	3.038000e-03	2.582443e+00
5.448150e+02	3.440700e-02	2.582443e+00
5.577458e+02	3.608700e-02	2.582443e+00
5.708048e+02	3.784000e-02	2.582443e+00
1.259820e+02	3.366000e-03	2.582443e+00
1.376685e+02	3.721000e-03	2.582443e+00
1.494232e+02	4.089000e-03	2.582443e+00
1.611160e+02	4.466000e-03	2.582443e+00
1.728466e+02	4.844000e-03	2.582443e+00
6.738322e+01	1.522000e-03	2.819529e+00
7.914015e+01	1.771000e-03	2.819529e+00
1.846192e+02	4.412000e-03	2.819529e+00
1.963271e+02	4.769000e-03	2.819529e+00
2.080505e+02	5.129000e-03	2.819529e+00
2.197811e+02	5.525000e-03	2.819529e+00
2.315858e+02	5.936000e-03	2.819529e+00
2.433060e+02	6.359000e-03	2.819529e+00
2.550690e+02	6.801000e-03	2.819529e+00
2.668725e+02	7.278000e-03	2.819529e+00
2.785702e+02	7.775000e-03	2.819529e+00
2.903738e+02	8.292000e-03	2.819529e+00
9.083295e+01	2.025000e-03	2.819529e+00
3.022335e+02	8.852000e-03	2.819529e+00
3.141135e+02	9.439000e-03	2.819529e+00
3.258630e+02	1.004100e-02	2.819529e+00
3.378082e+02	1.072900e-02	2.819529e+00
3.496882e+02	1.142600e-02	2.819529e+00
3.615885e+02	1.219900e-02	2.819529e+00
3.735202e+02	1.296200e-02	2.819529e+00
3.855263e+02	1.380400e-02	2.819529e+00
3.976178e+02	1.468900e-02	2.819529e+00
4.096575e+02	1.563700e-02	2.819529e+00
1.025656e+02	2.293000e-03	2.819529e+00
4.218750e+02	1.666900e-02	2.819529e+00
4.463235e+02	1.888200e-02	2.819529e+00
4.585725e+02	2.009000e-02	2.819529e+00
4.677885e+02	2.102500e-02	2.819529e+00
4.802512e+02	2.232900e-02	2.819529e+00
4.927230e+02	2.366700e-02	2.819529e+00
5.179388e+02	2.662500e-02	2.819529e+00
5.306130e+02	2.814000e-02	2.819529e+00
1.142690e+02	2.568000e-03	2.819529e+00
5.562135e+02	3.133500e-02	2.819529e+00
5.691263e+02	3.298300e-02	2.819529e+00
5.820660e+02	3.468400e-02	2.819529e+00
1.260196e+02	2.842000e-03	2.819529e+00
1.377126e+02	3.138000e-03	2.819529e+00
1.494729e+02	3.445000e-03	2.819529e+00
1.611720e+02	3.759000e-03	2.819529e+00
1.729080e+02	4.074000e-03	2.819529e+00
6.739380e+01	1.293000e-03	3.089755e+00
7.915455e+01	1.500000e-03	3.089755e+00
1.846766e+02	3.690000e-03	3.089755e+00
1.963899e+02	3.985000e-03	3.089755e+00
2.081151e+02	4.283000e-03	3.089755e+00
2.198484e+02	4.611000e-03	3.089755e+00
2.316555e+02	4.952000e-03	3.089755e+00
2.433758e+02	5.302000e-03	3.089755e+00
2.551387e+02	5.669000e-03	3.089755e+00
2.669377e+02	6.065000e-03	3.089755e+00
2.786310e+02	6.478000e-03	3.089755e+00
2.904278e+02	6.906000e-03	3.089755e+00
9.085073e+01	1.711000e-03	3.089755e+00
3.022785e+02	7.372000e-03	3.089755e+00
3.141405e+02	7.861000e-03	3.089755e+00
3.258788e+02	8.363000e-03	3.089755e+00
3.378015e+02	8.935000e-03	3.089755e+00
3.496567e+02	9.519000e-03	3.089755e+00
3.615278e+02	1.016600e-02	3.089755e+00
3.734235e+02	1.080700e-02	3.089755e+00
3.853913e+02	1.151600e-02	3.089755e+00
3.974310e+02	1.226400e-02	3.089755e+00
4.094212e+02	1.306800e-02	3.089755e+00
1.025883e+02	1.933000e-03	3.089755e+00
4.215713e+02	1.394800e-02	3.089755e+00
4.458780e+02	1.584800e-02	3.089755e+00
4.580482e+02	1.689300e-02	3.089755e+00
4.671945e+02	1.771000e-02	3.089755e+00
4.795582e+02	1.885600e-02	3.089755e+00
4.919332e+02	2.004400e-02	3.089755e+00
5.043375e+02	2.134800e-02	3.089755e+00
5.169217e+02	2.269000e-02	3.089755e+00
5.294723e+02	2.406900e-02	3.089755e+00
1.142971e+02	2.161000e-03	3.089755e+00
5.421488e+02	2.555300e-02	3.089755e+00
5.548117e+02	2.700200e-02	3.089755e+00
5.675918e+02	2.853700e-02	3.089755e+00
5.803898e+02	3.012100e-02	3.089755e+00
1.260522e+02	2.389000e-03	3.089755e+00
1.377506e+02	2.634000e-03	3.089755e+00
1.495161e+02	2.888000e-03	3.089755e+00
1.612208e+02	3.148000e-03	3.089755e+00
1.729609e+02	3.409000e-03	3.089755e+00
6.740302e+01	1.094000e-03	3.402044e+00
7.916715e+01	1.264000e-03	3.402044e+00
1.847261e+02	3.064000e-03	3.402044e+00
1.964443e+02	3.306000e-03	3.402044e+00
2.081709e+02	3.551000e-03	3.402044e+00
2.199069e+02	3.820000e-03	3.402044e+00
2.317163e+02	4.100000e-03	3.402044e+00
2.434365e+02	4.388000e-03	3.402044e+00
2.551995e+02	4.689000e-03	3.402044e+00
2.669940e+02	5.015000e-03	3.402044e+00
2.786850e+02	5.355000e-03	3.402044e+00
2.904727e+02	5.707000e-03	3.402044e+00
9.086648e+01	1.438000e-03	3.402044e+00
3.023168e+02	6.091000e-03	3.402044e+00
3.141652e+02	6.494000e-03	3.402044e+00
3.258922e+02	6.908000e-03	3.402044e+00
3.377948e+02	7.380000e-03	3.402044e+00
3.496275e+02	7.864000e-03	3.402044e+00
3.614737e+02	8.400000e-03	3.402044e+00
3.733357e+02	8.933000e-03	3.402044e+00
3.852742e+02	9.524000e-03	3.402044e+00
3.972690e+02	1.015000e-02	3.402044e+00
4.092120e+02	1.082300e-02	3.402044e+00
1.026081e+02	1.620000e-03	3.402044e+00
4.213035e+02	1.156400e-02	3.402044e+00
4.333297e+02	1.235900e-02	3.402044e+00
4.454820e+02	1.317500e-02	3.402044e+00
4.575802e+02	1.406900e-02	3.402044e+00
4.666658e+02	1.477200e-02	3.402044e+00
4.789395e+02	1.576500e-02	3.402044e+00
4.912222e+02	1.680600e-02	3.402044e+00
5.035230e+02	1.795200e-02	3.402044e+00
5.160015e+02	1.914300e-02	3.402044e+00
5.409923e+02	2.172000e-02	3.402044e+00
1.143214e+02	1.808000e-03	3.402044e+00
5.535337e+02	2.304200e-02	3.402044e+00
5.661833e+02	2.445700e-02	3.402044e+00
5.788462e+02	2.591900e-02	3.402044e+00
1.260806e+02	1.995000e-03	3.402044e+00
1.377837e+02	2.196000e-03	3.402044e+00
1.495534e+02	2.405000e-03	3.402044e+00
1.612631e+02	2.619000e-03	3.402044e+00
1.730066e+02	2.833000e-03	3.402044e+00
6.741090e+01	9.230000e-04	3.764045e+00
7.917795e+01	1.062000e-03	3.764045e+00
1.847687e+02	2.527000e-03	3.764045e+00
1.964912e+02	2.724000e-03	3.764045e+00
2.082188e+02	2.923000e-03	3.764045e+00
2.199569e+02	3.142000e-03	3.764045e+00
2.317680e+02	3.370000e-03	3.764045e+00
2.434905e+02	3.605000e-03	3.764045e+00
2.552512e+02	3.851000e-03	3.764045e+00
2.670412e+02	4.115000e-03	3.764045e+00
2.787300e+02	4.393000e-03	3.764045e+00
2.905132e+02	4.680000e-03	3.764045e+00
9.087975e+01	1.203000e-03	3.764045e+00
3.023505e+02	4.993000e-03	3.764045e+00
3.141832e+02	5.322000e-03	3.764045e+00
3.259013e+02	5.661000e-03	3.764045e+00
3.377902e+02	6.046000e-03	3.764045e+00
3.496050e+02	6.443000e-03	3.764045e+00
3.614265e+02	6.882000e-03	3.764045e+00
3.732615e+02	7.321000e-03	3.764045e+00
3.851707e+02	7.808000e-03	3.764045e+00
3.971273e+02	8.326000e-03	3.764045e+00
4.090320e+02	8.884000e-03	3.764045e+00
1.026250e+02	1.352000e-03	3.764045e+00
4.210695e+02	9.499000e-03	3.764045e+00
4.330462e+02	1.016300e-02	3.764045e+00
4.451355e+02	1.084900e-02	3.764045e+00
4.571685e+02	1.160200e-02	3.764045e+00
4.662022e+02	1.219900e-02	3.764045e+00
4.905922e+02	1.394700e-02	3.764045e+00
5.028008e+02	1.494000e-02	3.764045e+00
5.151803e+02	1.598200e-02	3.764045e+00
5.275125e+02	1.707800e-02	3.764045e+00
1.143425e+02	1.504000e-03	3.764045e+00
5.523773e+02	1.946300e-02	3.764045e+00
5.649075e+02	2.075200e-02	3.764045e+00
5.774467e+02	2.208800e-02	3.764045e+00
5.901683e+02	2.349600e-02	3.764045e+00
6.028560e+02	2.489700e-02	3.764045e+00
1.261048e+02	1.657000e-03	3.764045e+00
1.378120e+02	1.820000e-03	3.764045e+00
1.495859e+02	1.991000e-03	3.764045e+00
1.612993e+02	2.165000e-03	3.764045e+00
1.730459e+02	2.339000e-03	3.764045e+00
6.615810e+01	2.823700e-02	6.806638e-01
7.738223e+01	3.496200e-02	6.806638e-01
9.933098e+01	5.239700e-02	6.806638e-01
6.741765e+01	7.770000e-04	4.185955e+00
7.918717e+01	8.890000e-04	4.185955e+00
1.848049e+02	2.070000e-03	4.185955e+00
1.965310e+02	2.229000e-03	4.185955e+00
2.082595e+02	2.390000e-03	4.185955e+00
2.199994e+02	2.566000e-03	4.185955e+00
2.318130e+02	2.750000e-03	4.185955e+00
2.435332e+02	2.940000e-03	4.185955e+00
2.552940e+02	3.138000e-03	4.185955e+00
2.670817e+02	3.352000e-03	4.185955e+00
2.787683e+02	3.575000e-03	4.185955e+00
2.905470e+02	3.807000e-03	4.185955e+00
9.089122e+01	1.003000e-03	4.185955e+00
3.023775e+02	4.060000e-03	4.185955e+00
3.142013e+02	4.326000e-03	4.185955e+00
3.259125e+02	4.601000e-03	4.185955e+00
3.377858e+02	4.912000e-03	4.185955e+00
3.495848e+02	5.234000e-03	4.185955e+00
3.613860e+02	5.590000e-03	4.185955e+00
3.731985e+02	5.947000e-03	4.185955e+00
3.850830e+02	6.344000e-03	4.185955e+00
3.970058e+02	6.767000e-03	4.185955e+00
4.088768e+02	7.223000e-03	4.185955e+00
1.026396e+02	1.123000e-03	4.185955e+00
4.208692e+02	7.729000e-03	4.185955e+00
4.328010e+02	8.275000e-03	4.185955e+00
4.448385e+02	8.844000e-03	4.185955e+00
4.568130e+02	9.471000e-03	4.185955e+00
4.657972e+02	9.970000e-03	4.185955e+00
4.779158e+02	1.068400e-02	4.185955e+00
4.900433e+02	1.145000e-02	4.185955e+00
5.021640e+02	1.229600e-02	4.185955e+00
5.144557e+02	1.319600e-02	4.185955e+00
5.266912e+02	1.415200e-02	4.185955e+00
1.143605e+02	1.246000e-03	4.185955e+00
5.390235e+02	1.519800e-02	4.185955e+00
5.513445e+02	1.625800e-02	4.185955e+00
5.637622e+02	1.741800e-02	4.185955e+00
5.761845e+02	1.862600e-02	4.185955e+00
5.887890e+02	1.991400e-02	4.185955e+00
6.013417e+02	2.120400e-02	4.185955e+00
1.261255e+02	1.369000e-03	4.185955e+00
1.378363e+02	1.501000e-03	4.185955e+00
1.496133e+02	1.638000e-03	4.185955e+00
1.613304e+02	1.778000e-03	4.185955e+00
1.730795e+02	1.919000e-03	4.185955e+00
6.742328e+01	6.540000e-04	4.683069e+00
7.919505e+01	7.430000e-04	4.683069e+00
1.848355e+02	1.685000e-03	4.683069e+00
1.965650e+02	1.811000e-03	4.683069e+00
2.082940e+02	1.939000e-03	4.683069e+00
2.200354e+02	2.080000e-03	4.683069e+00
2.318512e+02	2.226000e-03	4.683069e+00
2.435715e+02	2.377000e-03	4.683069e+00
2.553322e+02	2.536000e-03	4.683069e+00
2.671178e+02	2.706000e-03	4.683069e+00
2.788020e+02	2.884000e-03	4.683069e+00
2.905740e+02	3.069000e-03	4.683069e+00
9.090090e+01	8.340000e-04	4.683069e+00
3.024000e+02	3.271000e-03	4.683069e+00
3.142148e+02	3.483000e-03	4.683069e+00
3.259193e+02	3.704000e-03	4.683069e+00
3.377812e+02	3.952000e-03	4.683069e+00
3.495668e+02	4.210000e-03	4.683069e+00
3.613523e+02	4.495000e-03	4.683069e+00
3.731445e+02	4.782000e-03	4.683069e+00
3.850110e+02	5.101000e-03	4.683069e+00
3.969023e+02	5.442000e-03	4.683069e+00
4.087440e+02	5.811000e-03	4.683069e+00
1.026520e+02	9.300000e-04	4.683069e+00
4.206983e+02	6.219000e-03	4.683069e+00
4.325917e+02	6.663000e-03	4.683069e+00
4.445797e+02	7.128000e-03	4.683069e+00
4.565070e+02	7.641000e-03	4.683069e+00
4.654507e+02	8.052000e-03	4.683069e+00
4.775018e+02	8.644000e-03	4.683069e+00
4.895640e+02	9.284000e-03	4.683069e+00
5.016082e+02	9.994000e-03	4.683069e+00
5.138190e+02	1.075700e-02	4.683069e+00
5.259668e+02	1.157600e-02	4.683069e+00
1.143758e+02	1.028000e-03	4.683069e+00
5.382045e+02	1.247900e-02	4.683069e+00
5.504288e+02	1.340700e-02	4.683069e+00
5.627408e+02	1.443500e-02	4.683069e+00
5.750572e+02	1.551200e-02	4.683069e+00
5.875492e+02	1.667600e-02	4.683069e+00
5.999805e+02	1.785200e-02	4.683069e+00
6.123892e+02	1.906500e-02	4.683069e+00
1.261433e+02	1.126000e-03	4.683069e+00
1.378570e+02	1.231000e-03	4.683069e+00
1.496365e+02	1.340000e-03	4.683069e+00
1.613567e+02	1.452000e-03	4.683069e+00
1.731078e+02	1.564000e-03	4.683069e+00
6.742822e+01	5.500000e-04	5.275782e+00
7.920157e+01	6.200000e-04	5.275782e+00
1.848614e+02	1.360000e-03	5.275782e+00
1.965935e+02	1.460000e-03	5.275782e+00
2.083228e+02	1.560000e-03	5.275782e+00
2.200655e+02	1.671000e-03	5.275782e+00
2.318827e+02	1.786000e-03	5.275782e+00
2.436030e+02	1.905000e-03	5.275782e+00
2.553638e+02	2.030000e-03	5.275782e+00
2.671470e+02	2.164000e-03	5.275782e+00
2.788313e+02	2.304000e-03	5.275782e+00
2.905987e+02	2.450000e-03	5.275782e+00
9.090900e+01	6.920000e-04	5.275782e+00
3.024203e+02	2.608000e-03	5.275782e+00
3.142260e+02	2.776000e-03	5.275782e+00
3.259260e+02	2.950000e-03	5.275782e+00
3.377790e+02	3.145000e-03	5.275782e+00
3.495510e+02	3.349000e-03	5.275782e+00
3.613230e+02	3.574000e-03	5.275782e+00
3.730995e+02	3.801000e-03	5.275782e+00
3.849480e+02	4.054000e-03	5.275782e+00
3.968145e+02	4.325000e-03	5.275782e+00
4.086315e+02	4.618000e-03	5.275782e+00
1.026623e+02	7.670000e-04	5.275782e+00
4.205543e+02	4.943000e-03	5.275782e+00
4.324140e+02	5.297000e-03	5.275782e+00
4.443615e+02	5.671000e-03	5.275782e+00
4.562460e+02	6.084000e-03	5.275782e+00
4.651538e+02	6.416000e-03	5.275782e+00
4.771485e+02	6.897000e-03	5.275782e+00
4.891523e+02	7.423000e-03	5.275782e+00
5.011290e+02	8.008000e-03	5.275782e+00
5.132677e+02	8.642000e-03	5.275782e+00
5.253390e+02	9.330000e-03	5.275782e+00
1.143889e+02	8.440000e-04	5.275782e+00
5.374868e+02	1.009500e-02	5.275782e+00
5.496255e+02	1.089300e-02	5.275782e+00
5.618407e+02	1.178700e-02	5.275782e+00
5.740605e+02	1.273200e-02	5.275782e+00
5.864490e+02	1.376800e-02	5.275782e+00
5.987655e+02	1.482700e-02	5.275782e+00
6.110573e+02	1.592800e-02	5.275782e+00
6.234278e+02	1.713200e-02	5.275782e+00
1.261582e+02	9.210000e-04	5.275782e+00
1.378744e+02	1.003000e-03	5.275782e+00
1.496563e+02	1.090000e-03	5.275782e+00
1.613792e+02	1.177000e-03	5.275782e+00
1.731319e+02	1.266000e-03	5.275782e+00
7.920720e+01	5.180000e-04	5.987037e+00
9.091575e+01	5.740000e-04	5.987037e+00
1.966176e+02	1.169000e-03	5.987037e+00
2.083469e+02	1.247000e-03	5.987037e+00
2.200907e+02	1.333000e-03	5.987037e+00
2.319098e+02	1.422000e-03	5.987037e+00
2.436300e+02	1.514000e-03	5.987037e+00
2.553885e+02	1.612000e-03	5.987037e+00
2.671717e+02	1.716000e-03	5.987037e+00
2.788537e+02	1.824000e-03	5.987037e+00
2.906190e+02	1.937000e-03	5.987037e+00
3.024382e+02	2.060000e-03	5.987037e+00
1.026709e+02	6.320000e-04	5.987037e+00
3.142350e+02	2.190000e-03	5.987037e+00
3.259305e+02	2.326000e-03	5.987037e+00
3.377767e+02	2.476000e-03	5.987037e+00
3.495398e+02	2.635000e-03	5.987037e+00
3.612982e+02	2.810000e-03	5.987037e+00
3.730613e+02	2.988000e-03	5.987037e+00
3.848963e+02	3.185000e-03	5.987037e+00
3.967425e+02	3.397000e-03	5.987037e+00
4.085393e+02	3.626000e-03	5.987037e+00
4.204327e+02	3.881000e-03	5.987037e+00
1.143997e+02	6.910000e-04	5.987037e+00
4.322655e+02	4.159000e-03	5.987037e+00
4.441793e+02	4.454000e-03	5.987037e+00
4.560278e+02	4.780000e-03	5.987037e+00
4.649040e+02	5.044000e-03	5.987037e+00
4.768492e+02	5.428000e-03	5.987037e+00
4.888035e+02	5.852000e-03	5.987037e+00
5.007240e+02	6.322000e-03	5.987037e+00
5.127975e+02	6.840000e-03	5.987037e+00
5.247990e+02	7.406000e-03	5.987037e+00
5.368703e+02	8.041000e-03	5.987037e+00
1.261703e+02	7.510000e-04	5.987037e+00
5.489303e+02	8.712000e-03	5.987037e+00
5.610600e+02	9.474000e-03	5.987037e+00
5.731898e+02	1.028900e-02	5.987037e+00
5.854860e+02	1.119400e-02	5.987037e+00
5.976990e+02	1.213300e-02	5.987037e+00
6.098850e+02	1.311900e-02	5.987037e+00
6.221408e+02	1.420800e-02	5.987037e+00
1.378888e+02	8.150000e-04	5.987037e+00
1.496727e+02	8.820000e-04	5.987037e+00
1.613977e+02	9.500000e-04	5.987037e+00
1.731517e+02	1.018000e-03	5.987037e+00
1.848827e+02	1.092000e-03	5.987037e+00
1.026781e+02	5.210000e-04	6.853800e+00
1.144085e+02	5.660000e-04	6.853800e+00
2.201114e+02	1.055000e-03	6.853800e+00
2.319323e+02	1.123000e-03	6.853800e+00
2.436525e+02	1.194000e-03	6.853800e+00
2.554110e+02	1.268000e-03	6.853800e+00
2.671898e+02	1.347000e-03	6.853800e+00
2.788740e+02	1.430000e-03	6.853800e+00
2.906347e+02	1.516000e-03	6.853800e+00
3.024518e+02	1.610000e-03	6.853800e+00
3.142418e+02	1.708000e-03	6.853800e+00
3.259372e+02	1.813000e-03	6.853800e+00
1.261807e+02	6.120000e-04	6.853800e+00
3.377745e+02	1.927000e-03	6.853800e+00
3.495285e+02	2.049000e-03	6.853800e+00
3.612802e+02	2.182000e-03	6.853800e+00
3.730297e+02	2.318000e-03	6.853800e+00
3.848535e+02	2.469000e-03	6.853800e+00
3.966817e+02	2.633000e-03	6.853800e+00
4.084627e+02	2.808000e-03	6.853800e+00
4.203338e+02	3.004000e-03	6.853800e+00
4.321418e+02	3.218000e-03	6.853800e+00
4.440285e+02	3.447000e-03	6.853800e+00
1.379007e+02	6.610000e-04	6.853800e+00
4.558455e+02	3.699000e-03	6.853800e+00
4.646970e+02	3.904000e-03	6.853800e+00
4.766018e+02	4.204000e-03	6.853800e+00
4.885132e+02	4.538000e-03	6.853800e+00
5.003820e+02	4.909000e-03	6.853800e+00
5.124015e+02	5.321000e-03	6.853800e+00
5.243445e+02	5.776000e-03	6.853800e+00
5.363460e+02	6.289000e-03	6.853800e+00
5.483363e+02	6.841000e-03	6.853800e+00
5.603918e+02	7.475000e-03	6.853800e+00
1.496862e+02	7.110000e-04	6.853800e+00
5.724405e+02	8.162000e-03	6.853800e+00
5.846535e+02	8.937000e-03	6.853800e+00
5.967743e+02	9.754000e-03	6.853800e+00
6.088613e+02	1.062100e-02	6.853800e+00
6.210158e+02	1.159200e-02	6.853800e+00
6.332737e+02	1.256900e-02	6.853800e+00
1.614130e+02	7.630000e-04	6.853800e+00
1.731681e+02	8.160000e-04	6.853800e+00
1.849003e+02	8.720000e-04	6.853800e+00
1.966374e+02	9.300000e-04	6.853800e+00
2.083666e+02	9.900000e-04	6.853800e+00
1.379104e+02	5.360000e-04	7.921958e+00
1.496972e+02	5.740000e-04	7.921958e+00
2.554290e+02	9.900000e-04	7.921958e+00
2.672077e+02	1.050000e-03	7.921958e+00
2.788897e+02	1.111000e-03	7.921958e+00
2.906482e+02	1.176000e-03	7.921958e+00
3.024630e+02	1.245000e-03	7.921958e+00
3.142485e+02	1.319000e-03	7.921958e+00
3.259395e+02	1.398000e-03	7.921958e+00
3.377723e+02	1.483000e-03	7.921958e+00
3.495217e+02	1.574000e-03	7.921958e+00
3.612645e+02	1.674000e-03	7.921958e+00
1.614256e+02	6.120000e-04	7.921958e+00
3.730050e+02	1.776000e-03	7.921958e+00
3.848197e+02	1.890000e-03	7.921958e+00
3.966345e+02	2.013000e-03	7.921958e+00
4.083997e+02	2.145000e-03	7.921958e+00
4.202527e+02	2.292000e-03	7.921958e+00
4.320428e+02	2.453000e-03	7.921958e+00
4.439047e+02	2.627000e-03	7.921958e+00
4.556970e+02	2.818000e-03	7.921958e+00
4.645282e+02	2.974000e-03	7.921958e+00
4.763970e+02	3.202000e-03	7.921958e+00
1.731814e+02	6.510000e-04	7.921958e+00
4.882747e+02	3.460000e-03	7.921958e+00
5.001030e+02	3.745000e-03	7.921958e+00
5.120752e+02	4.066000e-03	7.921958e+00
5.239665e+02	4.421000e-03	7.921958e+00
5.359072e+02	4.826000e-03	7.921958e+00
5.478413e+02	5.267000e-03	7.921958e+00
5.598270e+02	5.781000e-03	7.921958e+00
5.718083e+02	6.344000e-03	7.921958e+00
5.839470e+02	6.991000e-03	7.921958e+00
5.959867e+02	7.686000e-03	7.921958e+00
1.849147e+02	6.930000e-04	7.921958e+00
6.079882e+02	8.434000e-03	7.921958e+00
6.200505e+02	9.284000e-03	7.921958e+00
6.322072e+02	1.015900e-02	7.921958e+00
1.966534e+02	7.370000e-04	7.921958e+00
2.083826e+02	7.820000e-04	7.921958e+00
2.201283e+02	8.300000e-04	7.921958e+00
2.319502e+02	8.810000e-04	7.921958e+00
2.436705e+02	9.340000e-04	7.921958e+00
1.731922e+02	5.210000e-04	9.261616e+00
1.849262e+02	5.510000e-04	9.261616e+00
2.906595e+02	9.050000e-04	9.261616e+00
3.024720e+02	9.550000e-04	9.261616e+00
3.142530e+02	1.009000e-03	9.261616e+00
3.259440e+02	1.068000e-03	9.261616e+00
3.377723e+02	1.129000e-03	9.261616e+00
3.495150e+02	1.196000e-03	9.261616e+00
3.612532e+02	1.269000e-03	9.261616e+00
3.729847e+02	1.344000e-03	9.261616e+00
3.847950e+02	1.427000e-03	9.261616e+00
3.965940e+02	1.518000e-03	9.261616e+00
1.966667e+02	5.830000e-04	9.261616e+00
4.083503e+02	1.615000e-03	9.261616e+00
4.201875e+02	1.722000e-03	9.261616e+00
4.319640e+02	1.841000e-03	9.261616e+00
4.438058e+02	1.970000e-03	9.261616e+00
4.555778e+02	2.111000e-03	9.261616e+00
4.643932e+02	2.226000e-03	9.261616e+00
4.762328e+02	2.396000e-03	9.261616e+00
4.880813e+02	2.590000e-03	9.261616e+00
4.998757e+02	2.802000e-03	9.261616e+00
5.118098e+02	3.045000e-03	9.261616e+00
2.083954e+02	6.160000e-04	9.261616e+00
5.236582e+02	3.315000e-03	9.261616e+00
5.355495e+02	3.624000e-03	9.261616e+00
5.474340e+02	3.966000e-03	9.261616e+00
5.593612e+02	4.370000e-03	9.261616e+00
5.712840e+02	4.818000e-03	9.261616e+00
5.833575e+02	5.341000e-03	9.261616e+00
6.192360e+02	7.271000e-03	9.261616e+00
6.313050e+02	8.040000e-03	9.261616e+00
2.201418e+02	6.510000e-04	9.261616e+00
2.319638e+02	6.890000e-04	9.261616e+00
2.436863e+02	7.280000e-04	9.261616e+00
2.554425e+02	7.690000e-04	9.261616e+00
2.672190e+02	8.120000e-04	9.261616e+00
2.789010e+02	8.570000e-04	9.261616e+00
2.201524e+02	5.110000e-04	1.097347e+01
2.319750e+02	5.380000e-04	1.097347e+01
3.377723e+02	8.510000e-04	1.097347e+01
3.495105e+02	8.990000e-04	1.097347e+01
3.612420e+02	9.510000e-04	1.097347e+01
3.729712e+02	1.004000e-03	1.097347e+01
3.847725e+02	1.064000e-03	1.097347e+01
3.965648e+02	1.130000e-03	1.097347e+01
4.083120e+02	1.199000e-03	1.097347e+01
4.201380e+02	1.275000e-03	1.097347e+01
4.319010e+02	1.360000e-03	1.097347e+01
4.437270e+02	1.453000e-03	1.097347e+01
2.436975e+02	5.660000e-04	1.097347e+01
4.554855e+02	1.554000e-03	1.097347e+01
4.642875e+02	1.637000e-03	1.097347e+01
4.879305e+02	1.901000e-03	1.097347e+01
4.996957e+02	2.054000e-03	1.097347e+01
5.115983e+02	2.233000e-03	1.097347e+01
5.234130e+02	2.431000e-03	1.097347e+01
5.352638e+02	2.658000e-03	1.097347e+01
5.471055e+02	2.914000e-03	1.097347e+01
5.589855e+02	3.221000e-03	1.097347e+01
5.708565e+02	3.564000e-03	1.097347e+01
2.554537e+02	5.950000e-04	1.097347e+01
5.828782e+02	3.973000e-03	1.097347e+01
5.947875e+02	4.429000e-03	1.097347e+01
6.066540e+02	4.941000e-03	1.097347e+01
6.185655e+02	5.545000e-03	1.097347e+01
6.305602e+02	6.205000e-03	1.097347e+01
2.672303e+02	6.270000e-04	1.097347e+01
2.789122e+02	6.580000e-04	1.097347e+01
2.906685e+02	6.920000e-04	1.097347e+01
3.024787e+02	7.280000e-04	1.097347e+01
3.142575e+02	7.660000e-04	1.097347e+01
3.259463e+02	8.090000e-04	1.097347e+01
2.789190e+02	5.060000e-04	1.320539e+01
4.082828e+02	8.800000e-04	1.320539e+01
4.200998e+02	9.320000e-04	1.320539e+01
4.318537e+02	9.910000e-04	1.320539e+01
4.436685e+02	1.056000e-03	1.320539e+01
4.554135e+02	1.126000e-03	1.320539e+01
4.642065e+02	1.183000e-03	1.320539e+01
4.760055e+02	1.269000e-03	1.320539e+01
4.878135e+02	1.370000e-03	1.320539e+01
4.995585e+02	1.476000e-03	1.320539e+01
5.114340e+02	1.603000e-03	1.320539e+01
3.024855e+02	5.540000e-04	1.320539e+01
5.232218e+02	1.743000e-03	1.320539e+01
5.350410e+02	1.904000e-03	1.320539e+01
5.468512e+02	2.088000e-03	1.320539e+01
5.586885e+02	2.311000e-03	1.320539e+01
5.705213e+02	2.564000e-03	1.320539e+01
5.824980e+02	2.870000e-03	1.320539e+01
5.943578e+02	3.217000e-03	1.320539e+01
6.061748e+02	3.617000e-03	1.320539e+01
6.180300e+02	4.100000e-03	1.320539e+01
6.299618e+02	4.647000e-03	1.320539e+01
3.142597e+02	5.800000e-04	1.320539e+01
3.377723e+02	6.390000e-04	1.320539e+01
3.495060e+02	6.720000e-04	1.320539e+01
3.612353e+02	7.080000e-04	1.320539e+01
3.729577e+02	7.450000e-04	1.320539e+01
3.847590e+02	7.860000e-04	1.320539e+01
3.965423e+02	8.320000e-04	1.320539e+01
3.495038e+02	5.020000e-04	1.619572e+01
4.641458e+02	8.430000e-04	1.619572e+01
4.759313e+02	9.000000e-04	1.619572e+01
4.877258e+02	9.700000e-04	1.619572e+01
4.994550e+02	1.040000e-03	1.619572e+01
5.113125e+02	1.128000e-03	1.619572e+01
5.230778e+02	1.222000e-03	1.619572e+01
5.348723e+02	1.331000e-03	1.619572e+01
5.466555e+02	1.457000e-03	1.619572e+01
5.584635e+02	1.613000e-03	1.619572e+01
5.702647e+02	1.789000e-03	1.619572e+01
3.729510e+02	5.500000e-04	1.619572e+01
5.822055e+02	2.007000e-03	1.619572e+01
5.940270e+02	2.257000e-03	1.619572e+01
6.058035e+02	2.555000e-03	1.619572e+01
6.176137e+02	2.921000e-03	1.619572e+01
3.847477e+02	5.780000e-04	1.619572e+01
3.965242e+02	6.090000e-04	1.619572e+01
4.200705e+02	6.750000e-04	1.619572e+01
4.318200e+02	7.140000e-04	1.619572e+01
4.436235e+02	7.580000e-04	1.619572e+01
4.553595e+02	8.040000e-04	1.619572e+01
6.629782e+01	2.521600e-02	7.125301e-01
7.759620e+01	3.097100e-02	7.125301e-01
8.877420e+01	3.728700e-02	7.125301e-01
9.982282e+01	4.504600e-02	7.125301e-01
1.106572e+02	5.450200e-02	7.125301e-01
4.317930e+02	5.130000e-04	2.032941e+01
4.435920e+02	5.420000e-04	2.032941e+01
5.465138e+02	9.930000e-04	2.032941e+01
5.582970e+02	1.096000e-03	2.032941e+01
5.700757e+02	1.212000e-03	2.032941e+01
5.819895e+02	1.358000e-03	2.032941e+01
5.937818e+02	1.526000e-03	2.032941e+01
6.055290e+02	1.735000e-03	2.032941e+01
6.173033e+02	1.995000e-03	2.032941e+01
6.291495e+02	2.321000e-03	2.032941e+01
4.553213e+02	5.710000e-04	2.032941e+01
4.641030e+02	5.960000e-04	2.032941e+01
4.758773e+02	6.320000e-04	2.032941e+01
4.876628e+02	6.790000e-04	2.032941e+01
4.993785e+02	7.230000e-04	2.032941e+01
5.112225e+02	7.810000e-04	2.032941e+01
5.229742e+02	8.410000e-04	2.032941e+01
5.347485e+02	9.100000e-04	2.032941e+01
4.993268e+02	5.000000e-04	2.627566e+01
5.111595e+02	5.370000e-04	2.627566e+01
6.170828e+02	1.302000e-03	2.627566e+01
6.289042e+02	1.528000e-03	2.627566e+01
5.229000e+02	5.740000e-04	2.627566e+01
5.346608e+02	6.150000e-04	2.627566e+01
5.464148e+02	6.650000e-04	2.627566e+01
5.581800e+02	7.290000e-04	2.627566e+01
5.699407e+02	8.010000e-04	2.627566e+01
5.818365e+02	8.920000e-04	2.627566e+01
5.936085e+02	9.950000e-04	2.627566e+01
6.053332e+02	1.131000e-03	2.627566e+01
5.698530e+02	5.240000e-04	3.526833e+01
5.817330e+02	5.760000e-04	3.526833e+01
5.934915e+02	6.320000e-04	3.526833e+01
6.052027e+02	7.140000e-04	3.526833e+01
6.169343e+02	8.140000e-04	3.526833e+01
6.287422e+02	9.560000e-04	3.526833e+01
6.641797e+01	2.260900e-02	7.456710e-01
7.777620e+01	2.759900e-02	7.456710e-01
8.903092e+01	3.297200e-02	7.456710e-01
1.001972e+02	3.937400e-02	7.456710e-01
1.112134e+02	4.673000e-02	7.456710e-01
1.221291e+02	5.510300e-02	7.456710e-01
6.652598e+01	2.026200e-02	7.813612e-01
7.793528e+01	2.461300e-02	7.813612e-01
8.925255e+01	2.923400e-02	7.813612e-01
1.005075e+02	3.461900e-02	7.813612e-01
1.116468e+02	4.061600e-02	7.813612e-01
1.227580e+02	4.700600e-02	7.813612e-01
1.336336e+02	5.519600e-02	7.813612e-01
7.807995e+01	2.188800e-02	8.208754e-01
8.945077e+01	2.587400e-02	8.208754e-01
1.007775e+02	3.044700e-02	8.208754e-01
1.120115e+02	3.543400e-02	8.208754e-01
1.232507e+02	4.059400e-02	8.208754e-01
1.343183e+02	4.683700e-02	8.208754e-01
1.454450e+02	5.369000e-02	8.208754e-01
1.563053e+02	6.172600e-02	8.208754e-01
6.671340e+01	1.617100e-02	8.629389e-01
7.820685e+01	1.949200e-02	8.629389e-01
8.962222e+01	2.295500e-02	8.629389e-01
1.010070e+02	2.687900e-02	8.629389e-01
1.123135e+02	3.110100e-02	8.629389e-01
1.236427e+02	3.539200e-02	8.629389e-01
1.348326e+02	4.046200e-02	8.629389e-01
1.572091e+02	5.175500e-02	8.629389e-01
6.679147e+01	1.446400e-02	9.075517e-01
7.831823e+01	1.738300e-02	9.075517e-01
1.803020e+02	5.533700e-02	9.075517e-01
1.913641e+02	6.243300e-02	9.075517e-01
2.024604e+02	6.978300e-02	9.075517e-01
8.977117e+01	2.040800e-02	9.075517e-01
1.012036e+02	2.380500e-02	9.075517e-01
1.125686e+02	2.742300e-02	9.075517e-01
1.239655e+02	3.106000e-02	9.075517e-01
1.352439e+02	3.529400e-02	9.075517e-01
1.466167e+02	3.969700e-02	9.075517e-01
1.691158e+02	4.953000e-02	9.075517e-01
1.028092e+02	5.734470e-02	6.755652e-01
1.049737e+02	5.975380e-02	6.755652e-01
1.274607e+02	5.744260e-02	7.520443e-01
1.341693e+02	6.270340e-02	7.520443e-01
1.460734e+02	5.889200e-02	8.030303e-01
1.491487e+02	6.150270e-02	8.030303e-01
1.522237e+02	6.427300e-02	8.030303e-01
1.820788e+02	6.793070e-02	8.667629e-01
2.122058e+02	6.995710e-02	9.304954e-01
2.144396e+02	7.157510e-02	9.304954e-01
2.441925e+02	7.082400e-02	9.942280e-01
2.519055e+02	7.526880e-02	9.942280e-01
2.792767e+02	7.303460e-02	1.057961e+00
2.851583e+02	7.606680e-02	1.057961e+00
3.316253e+02	8.186730e-02	1.121693e+00
3.351150e+02	8.343490e-02	1.121693e+00
3.872812e+02	8.473160e-02	1.198172e+00
3.913582e+02	8.608770e-02	1.198172e+00
4.480785e+02	8.761410e-02	1.274651e+00
4.926397e+02	8.581680e-02	1.363877e+00
4.978260e+02	8.691890e-02	1.363877e+00
5.155560e+02	7.998690e-02	1.453102e+00
5.209830e+02	8.095120e-02	1.453102e+00
5.317515e+02	7.480100e-02	1.542328e+00
5.260185e+02	6.558260e-02	1.657047e+00
5.370930e+02	6.741210e-02	1.657047e+00
5.426303e+02	6.830630e-02	1.657047e+00
5.364832e+02	6.059300e-02	1.771765e+00
5.477782e+02	6.241960e-02	1.771765e+00
5.443313e+02	5.557610e-02	1.899230e+00
5.557905e+02	5.739620e-02	1.899230e+00
5.469480e+02	4.975100e-02	2.052189e+00
5.584613e+02	5.155140e-02	2.052189e+00
5.642190e+02	5.245070e-02	2.052189e+00
5.600272e+02	4.610500e-02	2.217893e+00
5.718172e+02	4.789990e-02	2.217893e+00
5.678753e+02	4.185340e-02	2.409091e+00
5.738535e+02	4.273610e-02	2.409091e+00
5.798295e+02	4.362470e-02	2.409091e+00
5.704920e+02	3.696170e-02	2.638528e+00
5.764973e+02	3.781850e-02	2.638528e+00
5.885055e+02	3.956120e-02	2.638528e+00
5.783400e+02	3.305880e-02	2.906205e+00
5.844262e+02	3.389550e-02	2.906205e+00
5.905148e+02	3.474500e-02	2.906205e+00
5.809545e+02	2.872410e-02	3.224868e+00
5.870700e+02	2.952510e-02	3.224868e+00
5.931855e+02	3.034210e-02	3.224868e+00
5.993010e+02	3.117500e-02	3.224868e+00
5.914193e+02	2.565230e-02	3.594517e+00
5.976450e+02	2.643080e-02	3.594517e+00
6.038708e+02	2.722730e-02	3.594517e+00
5.992672e+02	2.215050e-02	4.078884e+00
6.055740e+02	2.289270e-02	4.078884e+00
6.118830e+02	2.365500e-02	4.078884e+00
6.097297e+02	1.912700e-02	4.677970e+00
6.161490e+02	1.983480e-02	4.677970e+00
6.201945e+02	1.612790e-02	5.506494e+00
6.267240e+02	1.679130e-02	5.506494e+00
6.280425e+02	1.298250e-02	6.628187e+00
6.280425e+02	9.286680e-03	8.361712e+00
6.254257e+02	5.806050e-03	1.122968e+01
6.254257e+02	3.035590e-03	1.761568e+01
