# BEGIN METADATA
# {
#   "channel_width": 30.0,
#   "flow_rate": 0.25,
#   "fluid_viscosity": 4.24,
#   "scaled_from": "20220826_HyperelasticLookup_3D_nonNewtonian_All_lut.txt"
# }
# END METADATA
#
# area_um [um^2]	deform	emodulus [kPa]
6.822315e+01	2.714920e-02	7.010582e-01
6.914745e+01	2.759980e-02	7.010582e-01
6.996150e+01	2.800430e-02	7.010582e-01
7.072402e+01	2.840880e-02	7.010582e-01
7.148632e+01	2.881320e-02	7.010582e-01
7.224863e+01	2.921770e-02	7.010582e-01
7.299608e+01	2.962220e-02	7.010582e-01
7.374015e+01	3.002660e-02	7.010582e-01
7.445902e+01	3.043110e-02	7.010582e-01
7.517497e+01	3.083560e-02	7.010582e-01
7.583827e+01	3.124010e-02	7.010582e-01
7.650698e+01	3.164450e-02	7.010582e-01
7.719052e+01	3.204900e-02	7.010582e-01
7.787543e+01	3.245350e-02	7.010582e-01
7.856190e+01	3.285800e-02	7.010582e-01
7.929000e+01	3.326240e-02	7.010582e-01
8.002733e+01	3.366690e-02	7.010582e-01
8.076443e+01	3.407140e-02	7.010582e-01
8.151120e+01	3.447590e-02	7.010582e-01
8.223480e+01	3.488030e-02	7.010582e-01
8.291205e+01	3.528480e-02	7.010582e-01
8.359200e+01	3.568930e-02	7.010582e-01
8.426633e+01	3.609380e-02	7.010582e-01
8.500545e+01	3.649820e-02	7.010582e-01
8.570452e+01	3.690270e-02	7.010582e-01
8.621707e+01	3.730720e-02	7.010582e-01
8.676000e+01	3.771170e-02	7.010582e-01
8.738460e+01	3.811610e-02	7.010582e-01
8.800920e+01	3.852060e-02	7.010582e-01
8.863380e+01	3.892510e-02	7.010582e-01
8.924895e+01	3.932960e-02	7.010582e-01
8.979818e+01	3.973400e-02	7.010582e-01
9.034740e+01	4.013850e-02	7.010582e-01
9.089640e+01	4.054300e-02	7.010582e-01
9.144562e+01	4.094750e-02	7.010582e-01
9.200723e+01	4.135190e-02	7.010582e-01
9.266602e+01	4.175640e-02	7.010582e-01
9.327218e+01	4.216090e-02	7.010582e-01
9.379710e+01	4.256540e-02	7.010582e-01
9.432203e+01	4.296980e-02	7.010582e-01
9.484695e+01	4.337430e-02	7.010582e-01
9.536737e+01	4.377880e-02	7.010582e-01
9.588060e+01	4.418330e-02	7.010582e-01
9.638640e+01	4.458770e-02	7.010582e-01
9.686385e+01	4.499220e-02	7.010582e-01
9.730237e+01	4.539670e-02	7.010582e-01
9.778005e+01	4.580120e-02	7.010582e-01
9.831533e+01	4.620560e-02	7.010582e-01
9.885083e+01	4.661010e-02	7.010582e-01
9.938632e+01	4.701460e-02	7.010582e-01
9.991958e+01	4.741910e-02	7.010582e-01
1.003673e+02	4.782350e-02	7.010582e-01
1.007644e+02	4.822800e-02	7.010582e-01
1.011618e+02	4.863250e-02	7.010582e-01
1.015589e+02	4.903700e-02	7.010582e-01
1.019563e+02	4.944140e-02	7.010582e-01
1.023593e+02	4.984590e-02	7.010582e-01
1.028018e+02	5.025040e-02	7.010582e-01
1.032907e+02	5.065490e-02	7.010582e-01
1.038344e+02	5.105930e-02	7.010582e-01
1.043017e+02	5.146380e-02	7.010582e-01
1.047168e+02	5.186830e-02	7.010582e-01
1.051321e+02	5.227280e-02	7.010582e-01
1.055475e+02	5.267720e-02	7.010582e-01
1.059626e+02	5.308170e-02	7.010582e-01
1.063674e+02	5.348620e-02	7.010582e-01
1.067639e+02	5.389070e-02	7.010582e-01
1.071486e+02	5.429510e-02	7.010582e-01
1.075428e+02	5.469960e-02	7.010582e-01
1.080241e+02	5.510410e-02	7.010582e-01
1.085566e+02	5.550860e-02	7.010582e-01
1.091264e+02	5.591300e-02	7.010582e-01
1.096956e+02	5.631750e-02	7.010582e-01
1.102644e+02	5.672200e-02	7.010582e-01
1.108273e+02	5.712650e-02	7.010582e-01
1.111941e+02	5.753090e-02	7.010582e-01
1.115777e+02	5.793540e-02	7.010582e-01
1.120574e+02	5.833990e-02	7.010582e-01
1.124176e+02	5.874430e-02	7.010582e-01
1.128123e+02	5.914880e-02	7.010582e-01
1.132711e+02	5.955330e-02	7.010582e-01
1.136248e+02	5.995780e-02	7.010582e-01
1.140316e+02	6.036220e-02	7.010582e-01
1.144690e+02	6.076670e-02	7.010582e-01
6.822315e+01	1.700450e-02	8.540164e-01
6.983505e+01	1.748790e-02	8.540164e-01
7.118393e+01	1.789240e-02	8.540164e-01
7.253280e+01	1.829690e-02	8.540164e-01
7.395075e+01	1.870140e-02	8.540164e-01
7.545488e+01	1.910580e-02	8.540164e-01
7.694865e+01	1.951030e-02	8.540164e-01
7.818345e+01	1.991480e-02	8.540164e-01
7.947383e+01	2.031930e-02	8.540164e-01
8.081100e+01	2.072370e-02	8.540164e-01
8.214773e+01	2.112820e-02	8.540164e-01
8.347973e+01	2.153270e-02	8.540164e-01
8.480925e+01	2.193720e-02	8.540164e-01
8.613833e+01	2.234160e-02	8.540164e-01
8.740417e+01	2.274610e-02	8.540164e-01
8.857485e+01	2.315060e-02	8.540164e-01
8.973180e+01	2.355510e-02	8.540164e-01
9.089775e+01	2.395950e-02	8.540164e-01
9.206437e+01	2.436400e-02	8.540164e-01
9.323280e+01	2.476850e-02	8.540164e-01
9.438277e+01	2.516490e-02	8.540164e-01
9.558450e+01	2.557740e-02	8.540164e-01
9.676282e+01	2.598190e-02	8.540164e-01
9.794092e+01	2.638640e-02	8.540164e-01
9.901192e+01	2.679090e-02	8.540164e-01
1.000251e+02	2.719530e-02	8.540164e-01
1.010565e+02	2.759980e-02	8.540164e-01
1.020892e+02	2.800430e-02	8.540164e-01
1.031434e+02	2.840880e-02	8.540164e-01
1.042011e+02	2.881320e-02	8.540164e-01
1.052667e+02	2.921770e-02	8.540164e-01
1.063748e+02	2.962220e-02	8.540164e-01
1.074627e+02	3.001920e-02	8.540164e-01
1.085915e+02	3.043110e-02	8.540164e-01
1.096875e+02	3.083560e-02	8.540164e-01
1.106060e+02	3.124010e-02	8.540164e-01
1.115514e+02	3.164450e-02	8.540164e-01
1.125137e+02	3.204900e-02	8.540164e-01
1.135622e+02	3.245350e-02	8.540164e-01
1.146301e+02	3.285800e-02	8.540164e-01
1.156979e+02	3.326240e-02	8.540164e-01
1.167658e+02	3.366690e-02	8.540164e-01
1.178339e+02	3.407140e-02	8.540164e-01
1.189017e+02	3.447590e-02	8.540164e-01
1.199695e+02	3.488030e-02	8.540164e-01
1.210167e+02	3.528480e-02	8.540164e-01
1.218978e+02	3.568930e-02	8.540164e-01
1.227787e+02	3.609380e-02	8.540164e-01
1.236659e+02	3.649820e-02	8.540164e-01
1.245580e+02	3.690270e-02	8.540164e-01
1.254501e+02	3.730720e-02	8.540164e-01
1.263429e+02	3.771170e-02	8.540164e-01
1.272355e+02	3.811610e-02	8.540164e-01
1.281283e+02	3.852060e-02	8.540164e-01
1.290211e+02	3.892510e-02	8.540164e-01
1.299137e+02	3.932960e-02	8.540164e-01
1.308065e+02	3.973400e-02	8.540164e-01
1.316993e+02	4.013850e-02	8.540164e-01
1.324888e+02	4.054300e-02	8.540164e-01
1.332058e+02	4.094750e-02	8.540164e-01
1.339580e+02	4.135190e-02	8.540164e-01
1.347615e+02	4.175640e-02	8.540164e-01
1.355684e+02	4.216090e-02	8.540164e-01
1.363853e+02	4.256540e-02	8.540164e-01
1.372361e+02	4.296980e-02	8.540164e-01
1.380868e+02	4.337430e-02	8.540164e-01
1.389375e+02	4.377880e-02	8.540164e-01
1.397882e+02	4.418330e-02	8.540164e-01
1.406392e+02	4.458770e-02	8.540164e-01
1.414706e+02	4.498300e-02	8.540164e-01
1.423406e+02	4.539670e-02	8.540164e-01
1.431855e+02	4.580120e-02	8.540164e-01
1.439548e+02	4.620560e-02	8.540164e-01
1.447114e+02	4.661010e-02	8.540164e-01
1.454684e+02	4.701460e-02	8.540164e-01
1.462253e+02	4.741910e-02	8.540164e-01
1.469821e+02	4.782350e-02	8.540164e-01
1.477390e+02	4.822800e-02	8.540164e-01
1.484957e+02	4.863250e-02	8.540164e-01
1.492526e+02	4.903700e-02	8.540164e-01
1.500095e+02	4.944140e-02	8.540164e-01
1.507664e+02	4.984590e-02	8.540164e-01
1.515022e+02	5.025040e-02	8.540164e-01
1.522197e+02	5.065490e-02	8.540164e-01
1.528936e+02	5.105930e-02	8.540164e-01
1.535504e+02	5.146380e-02	8.540164e-01
1.542071e+02	5.186830e-02	8.540164e-01
1.549537e+02	5.227280e-02	8.540164e-01
1.557157e+02	5.267720e-02	8.540164e-01
1.564778e+02	5.308170e-02	8.540164e-01
1.572399e+02	5.348620e-02	8.540164e-01
1.580020e+02	5.389070e-02	8.540164e-01
1.586578e+02	5.429510e-02	8.540164e-01
1.592275e+02	5.469960e-02	8.540164e-01
1.597975e+02	5.510410e-02	8.540164e-01
1.603672e+02	5.550860e-02	8.540164e-01
1.609369e+02	5.591300e-02	8.540164e-01
1.615066e+02	5.631750e-02	8.540164e-01
1.620763e+02	5.672200e-02	8.540164e-01
1.626154e+02	5.712650e-02	8.540164e-01
1.631311e+02	5.753090e-02	8.540164e-01
1.636470e+02	5.793540e-02	8.540164e-01
1.641627e+02	5.833990e-02	8.540164e-01
1.646784e+02	5.874430e-02	8.540164e-01
1.652330e+02	5.914880e-02	8.540164e-01
1.658637e+02	5.955330e-02	8.540164e-01
1.664941e+02	5.995780e-02	8.540164e-01
1.671246e+02	6.036220e-02	8.540164e-01
1.677553e+02	6.076670e-02	8.540164e-01
1.683857e+02	6.117120e-02	8.540164e-01
1.690164e+02	6.157570e-02	8.540164e-01
1.695609e+02	6.198010e-02	8.540164e-01
1.700613e+02	6.238460e-02	8.540164e-01
1.705615e+02	6.278910e-02	8.540164e-01
1.710619e+02	6.319360e-02	8.540164e-01
1.715623e+02	6.359800e-02	8.540164e-01
1.720625e+02	6.400250e-02	8.540164e-01
1.725619e+02	6.440700e-02	8.540164e-01
1.730608e+02	6.481150e-02	8.540164e-01
1.735443e+02	6.521590e-02	8.540164e-01
1.740242e+02	6.562040e-02	8.540164e-01
1.744796e+02	6.602490e-02	8.540164e-01
1.749870e+02	6.642940e-02	8.540164e-01
1.754026e+02	6.683380e-02	8.540164e-01
1.758769e+02	6.723830e-02	8.540164e-01
1.763519e+02	6.764280e-02	8.540164e-01
6.822315e+01	1.177540e-02	1.006975e+00
7.046348e+01	1.222980e-02	1.006975e+00
7.243740e+01	1.263420e-02	1.006975e+00
7.446802e+01	1.303870e-02	1.006975e+00
7.673333e+01	1.344320e-02	1.006975e+00
7.868700e+01	1.380700e-02	1.006975e+00
8.090190e+01	1.425210e-02	1.006975e+00
8.288865e+01	1.465660e-02	1.006975e+00
8.489610e+01	1.506110e-02	1.006975e+00
8.653500e+01	1.538810e-02	1.006975e+00
8.894835e+01	1.587000e-02	1.006975e+00
9.081158e+01	1.627450e-02	1.006975e+00
9.259042e+01	1.667900e-02	1.006975e+00
9.437130e+01	1.708350e-02	1.006975e+00
9.618345e+01	1.748790e-02	1.006975e+00
9.802980e+01	1.789240e-02	1.006975e+00
9.961492e+01	1.823960e-02	1.006975e+00
1.016561e+02	1.870140e-02	1.006975e+00
1.032912e+02	1.910580e-02	1.006975e+00
1.048468e+02	1.948710e-02	1.006975e+00
1.066039e+02	1.991480e-02	1.006975e+00
1.083616e+02	2.031930e-02	1.006975e+00
1.100788e+02	2.070930e-02	1.006975e+00
1.119233e+02	2.112820e-02	1.006975e+00
1.135966e+02	2.153270e-02	1.006975e+00
1.153107e+02	2.192650e-02	1.006975e+00
1.170686e+02	2.234160e-02	1.006975e+00
1.187951e+02	2.274610e-02	1.006975e+00
1.205426e+02	2.314640e-02	1.006975e+00
1.222702e+02	2.355510e-02	1.006975e+00
1.239896e+02	2.395950e-02	1.006975e+00
1.255212e+02	2.436400e-02	1.006975e+00
1.269923e+02	2.476850e-02	1.006975e+00
1.283906e+02	2.513650e-02	1.006975e+00
1.300109e+02	2.557740e-02	1.006975e+00
1.315217e+02	2.598190e-02	1.006975e+00
1.330380e+02	2.638640e-02	1.006975e+00
1.345574e+02	2.679090e-02	1.006975e+00
1.360330e+02	2.719530e-02	1.006975e+00
1.374482e+02	2.759980e-02	1.006975e+00
1.388545e+02	2.797330e-02	1.006975e+00
1.404209e+02	2.840880e-02	1.006975e+00
1.419127e+02	2.881320e-02	1.006975e+00
1.434022e+02	2.921770e-02	1.006975e+00
1.448667e+02	2.962220e-02	1.006975e+00
1.463902e+02	3.002660e-02	1.006975e+00
1.477861e+02	3.043110e-02	1.006975e+00
1.491568e+02	3.083560e-02	1.006975e+00
1.505425e+02	3.124010e-02	1.006975e+00
1.519279e+02	3.164450e-02	1.006975e+00
1.533152e+02	3.204900e-02	1.006975e+00
1.545505e+02	3.240960e-02	1.006975e+00
1.560879e+02	3.285800e-02	1.006975e+00
1.574741e+02	3.326240e-02	1.006975e+00
1.588666e+02	3.366690e-02	1.006975e+00
1.602229e+02	3.407140e-02	1.006975e+00
1.615838e+02	3.447590e-02	1.006975e+00
1.629461e+02	3.488030e-02	1.006975e+00
1.643004e+02	3.528480e-02	1.006975e+00
1.656688e+02	3.568930e-02	1.006975e+00
1.670166e+02	3.609380e-02	1.006975e+00
1.683911e+02	3.649820e-02	1.006975e+00
1.696621e+02	3.690270e-02	1.006975e+00
1.708981e+02	3.730720e-02	1.006975e+00
1.721457e+02	3.771170e-02	1.006975e+00
1.733895e+02	3.811610e-02	1.006975e+00
1.746353e+02	3.852060e-02	1.006975e+00
1.758809e+02	3.892510e-02	1.006975e+00
1.771252e+02	3.932960e-02	1.006975e+00
1.783726e+02	3.973400e-02	1.006975e+00
1.796150e+02	4.013850e-02	1.006975e+00
1.808327e+02	4.054300e-02	1.006975e+00
1.819476e+02	4.094750e-02	1.006975e+00
1.830285e+02	4.135190e-02	1.006975e+00
1.841422e+02	4.175640e-02	1.006975e+00
1.852321e+02	4.216090e-02	1.006975e+00
1.863320e+02	4.256540e-02	1.006975e+00
1.874349e+02	4.296980e-02	1.006975e+00
1.885178e+02	4.337430e-02	1.006975e+00
1.896327e+02	4.377880e-02	1.006975e+00
1.907147e+02	4.418330e-02	1.006975e+00
1.918219e+02	4.458770e-02	1.006975e+00
1.929024e+02	4.499220e-02	1.006975e+00
1.940126e+02	4.539670e-02	1.006975e+00
1.951312e+02	4.580120e-02	1.006975e+00
1.962351e+02	4.620560e-02	1.006975e+00
1.973576e+02	4.661010e-02	1.006975e+00
1.984630e+02	4.701460e-02	1.006975e+00
1.995813e+02	4.741910e-02	1.006975e+00
2.006939e+02	4.782350e-02	1.006975e+00
2.018027e+02	4.822800e-02	1.006975e+00
2.029196e+02	4.863250e-02	1.006975e+00
2.038910e+02	4.903700e-02	1.006975e+00
2.048231e+02	4.944140e-02	1.006975e+00
2.057670e+02	4.984590e-02	1.006975e+00
2.067176e+02	5.025040e-02	1.006975e+00
2.076545e+02	5.065490e-02	1.006975e+00
2.086011e+02	5.105930e-02	1.006975e+00
2.095493e+02	5.146380e-02	1.006975e+00
2.104864e+02	5.186830e-02	1.006975e+00
2.114361e+02	5.227280e-02	1.006975e+00
2.123791e+02	5.267720e-02	1.006975e+00
2.133191e+02	5.308170e-02	1.006975e+00
2.142709e+02	5.348620e-02	1.006975e+00
2.152008e+02	5.389070e-02	1.006975e+00
2.161377e+02	5.429510e-02	1.006975e+00
2.170589e+02	5.469960e-02	1.006975e+00
2.180057e+02	5.510410e-02	1.006975e+00
2.189381e+02	5.550860e-02	1.006975e+00
2.198614e+02	5.591300e-02	1.006975e+00
2.208096e+02	5.631750e-02	1.006975e+00
2.217375e+02	5.672200e-02	1.006975e+00
2.226665e+02	5.712650e-02	1.006975e+00
2.236126e+02	5.753090e-02	1.006975e+00
2.245361e+02	5.793540e-02	1.006975e+00
2.254748e+02	5.833990e-02	1.006975e+00
2.263500e+02	5.874430e-02	1.006975e+00
2.272050e+02	5.914880e-02	1.006975e+00
2.280780e+02	5.955330e-02	1.006975e+00
2.289600e+02	5.995780e-02	1.006975e+00
2.298983e+02	6.036220e-02	1.006975e+00
2.307780e+02	6.076670e-02	1.006975e+00
2.316667e+02	6.117120e-02	1.006975e+00
2.326028e+02	6.157570e-02	1.006975e+00
2.334780e+02	6.198010e-02	1.006975e+00
2.343713e+02	6.238460e-02	1.006975e+00
2.353073e+02	6.278910e-02	1.006975e+00
2.361780e+02	6.319360e-02	1.006975e+00
2.370780e+02	6.359800e-02	1.006975e+00
2.379060e+02	6.400250e-02	1.006975e+00
2.386035e+02	6.440700e-02	1.006975e+00
2.393347e+02	6.481150e-02	1.006975e+00
2.401358e+02	6.521590e-02	1.006975e+00
2.408783e+02	6.561750e-02	1.006975e+00
2.415757e+02	6.602490e-02	1.006975e+00
2.423430e+02	6.642940e-02	1.006975e+00
2.431418e+02	6.683380e-02	1.006975e+00
2.438550e+02	6.723830e-02	1.006975e+00
2.445863e+02	6.764280e-02	1.006975e+00
2.453963e+02	6.804730e-02	1.006975e+00
2.461500e+02	6.845170e-02	1.006975e+00
2.468475e+02	6.885620e-02	1.006975e+00
2.476170e+02	6.926070e-02	1.006975e+00
2.484135e+02	6.966520e-02	1.006975e+00
2.491380e+02	7.006960e-02	1.006975e+00
2.498017e+02	7.047410e-02	1.006975e+00
2.504498e+02	7.087860e-02	1.006975e+00
2.510955e+02	7.128310e-02	1.006975e+00
2.517435e+02	7.168750e-02	1.006975e+00
2.523915e+02	7.209200e-02	1.006975e+00
2.530913e+02	7.249650e-02	1.006975e+00
2.537933e+02	7.290100e-02	1.006975e+00
2.544930e+02	7.330540e-02	1.006975e+00
2.551838e+02	7.370990e-02	1.006975e+00
2.558723e+02	7.411440e-02	1.006975e+00
2.565720e+02	7.451890e-02	1.006975e+00
2.573235e+02	7.492330e-02	1.006975e+00
2.580007e+02	7.532780e-02	1.006975e+00
2.586803e+02	7.573230e-02	1.006975e+00
2.593913e+02	7.613680e-02	1.006975e+00
2.601023e+02	7.654120e-02	1.006975e+00
2.607705e+02	7.694570e-02	1.006975e+00
2.614365e+02	7.735020e-02	1.006975e+00
6.822315e+01	8.440620e-03	1.185426e+00
7.083900e+01	8.710810e-03	1.185426e+00
7.320105e+01	8.993970e-03	1.185426e+00
7.589745e+01	9.398440e-03	1.185426e+00
7.860037e+01	9.802920e-03	1.185426e+00
8.130308e+01	1.012520e-02	1.185426e+00
8.391893e+01	1.044330e-02	1.185426e+00
8.653500e+01	1.078410e-02	1.185426e+00
8.915085e+01	1.114790e-02	1.185426e+00
9.176693e+01	1.153260e-02	1.185426e+00
9.368663e+01	1.182530e-02	1.185426e+00
9.642442e+01	1.222980e-02	1.185426e+00
9.926910e+01	1.263420e-02	1.185426e+00
1.018863e+02	1.303870e-02	1.185426e+00
1.043669e+02	1.344320e-02	1.185426e+00
1.068916e+02	1.384770e-02	1.185426e+00
1.096463e+02	1.425210e-02	1.185426e+00
1.123524e+02	1.465660e-02	1.185426e+00
1.149021e+02	1.506110e-02	1.185426e+00
1.175663e+02	1.546560e-02	1.185426e+00
1.202393e+02	1.587000e-02	1.185426e+00
1.229125e+02	1.627450e-02	1.185426e+00
1.253477e+02	1.667900e-02	1.185426e+00
1.277147e+02	1.708350e-02	1.185426e+00
1.300876e+02	1.748790e-02	1.185426e+00
1.324604e+02	1.789240e-02	1.185426e+00
1.348286e+02	1.829690e-02	1.185426e+00
1.370066e+02	1.870140e-02	1.185426e+00
1.388545e+02	1.902060e-02	1.185426e+00
1.414706e+02	1.947300e-02	1.185426e+00
1.440288e+02	1.991480e-02	1.185426e+00
1.463657e+02	2.031930e-02	1.185426e+00
1.485212e+02	2.072370e-02	1.185426e+00
1.507129e+02	2.112820e-02	1.185426e+00
1.529332e+02	2.153270e-02	1.185426e+00
1.551490e+02	2.193720e-02	1.185426e+00
1.571663e+02	2.230280e-02	1.185426e+00
1.594660e+02	2.274610e-02	1.185426e+00
1.616395e+02	2.315060e-02	1.185426e+00
1.638513e+02	2.355510e-02	1.185426e+00
1.660633e+02	2.395950e-02	1.185426e+00
1.682669e+02	2.436400e-02	1.185426e+00
1.702463e+02	2.474490e-02	1.185426e+00
1.724020e+02	2.517300e-02	1.185426e+00
1.744580e+02	2.557740e-02	1.185426e+00
1.765213e+02	2.598190e-02	1.185426e+00
1.785757e+02	2.638640e-02	1.185426e+00
1.806480e+02	2.679090e-02	1.185426e+00
1.825702e+02	2.719530e-02	1.185426e+00
1.844498e+02	2.759980e-02	1.185426e+00
1.863304e+02	2.800430e-02	1.185426e+00
1.882087e+02	2.840880e-02	1.185426e+00
1.900883e+02	2.881320e-02	1.185426e+00
1.919374e+02	2.921770e-02	1.185426e+00
1.937900e+02	2.962210e-02	1.185426e+00
1.956958e+02	3.002660e-02	1.185426e+00
1.976011e+02	3.043110e-02	1.185426e+00
1.995068e+02	3.083560e-02	1.185426e+00
2.014119e+02	3.124010e-02	1.185426e+00
2.032729e+02	3.164450e-02	1.185426e+00
2.049226e+02	3.204900e-02	1.185426e+00
2.066404e+02	3.245350e-02	1.185426e+00
2.083581e+02	3.285800e-02	1.185426e+00
2.100749e+02	3.326240e-02	1.185426e+00
2.117934e+02	3.366690e-02	1.185426e+00
2.135111e+02	3.407140e-02	1.185426e+00
2.151936e+02	3.447590e-02	1.185426e+00
2.168462e+02	3.488030e-02	1.185426e+00
2.185200e+02	3.528480e-02	1.185426e+00
2.199499e+02	3.563040e-02	1.185426e+00
2.218675e+02	3.609380e-02	1.185426e+00
2.235413e+02	3.649820e-02	1.185426e+00
2.251823e+02	3.689470e-02	1.185426e+00
2.267978e+02	3.730720e-02	1.185426e+00
2.283660e+02	3.771170e-02	1.185426e+00
2.300040e+02	3.811610e-02	1.185426e+00
2.316420e+02	3.852060e-02	1.185426e+00
2.332800e+02	3.892510e-02	1.185426e+00
2.349180e+02	3.932960e-02	1.185426e+00
2.365560e+02	3.973400e-02	1.185426e+00
2.381445e+02	4.013850e-02	1.185426e+00
2.396115e+02	4.054300e-02	1.185426e+00
2.411527e+02	4.094750e-02	1.185426e+00
2.426962e+02	4.135190e-02	1.185426e+00
2.442398e+02	4.175640e-02	1.185426e+00
2.457832e+02	4.216090e-02	1.185426e+00
2.473245e+02	4.256540e-02	1.185426e+00
2.487262e+02	4.293270e-02	1.185426e+00
2.503237e+02	4.337430e-02	1.185426e+00
2.517683e+02	4.377880e-02	1.185426e+00
2.532398e+02	4.418330e-02	1.185426e+00
2.547113e+02	4.458770e-02	1.185426e+00
2.561827e+02	4.499220e-02	1.185426e+00
2.576542e+02	4.539670e-02	1.185426e+00
2.591257e+02	4.580120e-02	1.185426e+00
2.605972e+02	4.620560e-02	1.185426e+00
2.619765e+02	4.661010e-02	1.185426e+00
2.633625e+02	4.701460e-02	1.185426e+00
2.648160e+02	4.741910e-02	1.185426e+00
2.662672e+02	4.782350e-02	1.185426e+00
2.677208e+02	4.822800e-02	1.185426e+00
2.691720e+02	4.863250e-02	1.185426e+00
2.706255e+02	4.903700e-02	1.185426e+00
2.720768e+02	4.944140e-02	1.185426e+00
2.734470e+02	4.984590e-02	1.185426e+00
2.747002e+02	5.025040e-02	1.185426e+00
2.759963e+02	5.065490e-02	1.185426e+00
2.772967e+02	5.105930e-02	1.185426e+00
2.785995e+02	5.146380e-02	1.185426e+00
2.799000e+02	5.186830e-02	1.185426e+00
2.812005e+02	5.227280e-02	1.185426e+00
2.825010e+02	5.267720e-02	1.185426e+00
2.838015e+02	5.308170e-02	1.185426e+00
2.850907e+02	5.348620e-02	1.185426e+00
2.863440e+02	5.389070e-02	1.185426e+00
2.876692e+02	5.429510e-02	1.185426e+00
2.890125e+02	5.469960e-02	1.185426e+00
2.903558e+02	5.510410e-02	1.185426e+00
2.916990e+02	5.550860e-02	1.185426e+00
2.930400e+02	5.591300e-02	1.185426e+00
2.943832e+02	5.631750e-02	1.185426e+00
2.957265e+02	5.672200e-02	1.185426e+00
2.970315e+02	5.712650e-02	1.185426e+00
2.981205e+02	5.753090e-02	1.185426e+00
2.994278e+02	5.793540e-02	1.185426e+00
3.007778e+02	5.833990e-02	1.185426e+00
3.021300e+02	5.874430e-02	1.185426e+00
3.034800e+02	5.914880e-02	1.185426e+00
3.048300e+02	5.955330e-02	1.185426e+00
3.061800e+02	5.995780e-02	1.185426e+00
3.075300e+02	6.036220e-02	1.185426e+00
3.088800e+02	6.076670e-02	1.185426e+00
3.100657e+02	6.117120e-02	1.185426e+00
3.112222e+02	6.157570e-02	1.185426e+00
3.123788e+02	6.198010e-02	1.185426e+00
3.135330e+02	6.238460e-02	1.185426e+00
3.146895e+02	6.278910e-02	1.185426e+00
3.158438e+02	6.319360e-02	1.185426e+00
3.170003e+02	6.359800e-02	1.185426e+00
3.181545e+02	6.400250e-02	1.185426e+00
3.193110e+02	6.440700e-02	1.185426e+00
3.204405e+02	6.481150e-02	1.185426e+00
3.215948e+02	6.521590e-02	1.185426e+00
3.228413e+02	6.562040e-02	1.185426e+00
3.240855e+02	6.602490e-02	1.185426e+00
3.253320e+02	6.642940e-02	1.185426e+00
3.265785e+02	6.683380e-02	1.185426e+00
3.278250e+02	6.723830e-02	1.185426e+00
3.290715e+02	6.764280e-02	1.185426e+00
3.303180e+02	6.804730e-02	1.185426e+00
3.315645e+02	6.845170e-02	1.185426e+00
3.327007e+02	6.885620e-02	1.185426e+00
3.336030e+02	6.926070e-02	1.185426e+00
3.346673e+02	6.966520e-02	1.185426e+00
3.359430e+02	7.006960e-02	1.185426e+00
3.372682e+02	7.047410e-02	1.185426e+00
3.385958e+02	7.087860e-02	1.185426e+00
3.399232e+02	7.128310e-02	1.185426e+00
3.412507e+02	7.168750e-02	1.185426e+00
3.425783e+02	7.209200e-02	1.185426e+00
3.439035e+02	7.249650e-02	1.185426e+00
3.452310e+02	7.290100e-02	1.185426e+00
3.464685e+02	7.330540e-02	1.185426e+00
3.475958e+02	7.370990e-02	1.185426e+00
3.487230e+02	7.411440e-02	1.185426e+00
3.498503e+02	7.451890e-02	1.185426e+00
3.509775e+02	7.492330e-02	1.185426e+00
3.521048e+02	7.532780e-02	1.185426e+00
3.532320e+02	7.573230e-02	1.185426e+00
3.543592e+02	7.613680e-02	1.185426e+00
3.554865e+02	7.654120e-02	1.185426e+00
3.566137e+02	7.694570e-02	1.185426e+00
3.576690e+02	7.735020e-02	1.185426e+00
3.587738e+02	7.775470e-02	1.185426e+00
3.599663e+02	7.815910e-02	1.185426e+00
3.611565e+02	7.856360e-02	1.185426e+00
3.623490e+02	7.896810e-02	1.185426e+00
3.635393e+02	7.937260e-02	1.185426e+00
3.647295e+02	7.977700e-02	1.185426e+00
3.659220e+02	8.018150e-02	1.185426e+00
3.671123e+02	8.058600e-02	1.185426e+00
3.683048e+02	8.099050e-02	1.185426e+00
3.694950e+02	8.139490e-02	1.185426e+00
3.704108e+02	8.179940e-02	1.185426e+00
3.714120e+02	8.220390e-02	1.185426e+00
3.725482e+02	8.260840e-02	1.185426e+00
3.736845e+02	8.301280e-02	1.185426e+00
3.748207e+02	8.341730e-02	1.185426e+00
3.759570e+02	8.382180e-02	1.185426e+00
3.770933e+02	8.422630e-02	1.185426e+00
3.782407e+02	8.463070e-02	1.185426e+00
3.797955e+02	8.503520e-02	1.185426e+00
3.813908e+02	8.543970e-02	1.185426e+00
6.822315e+01	5.896870e-03	1.402116e+00
7.083900e+01	6.129570e-03	1.402116e+00
7.345508e+01	6.366580e-03	1.402116e+00
7.576785e+01	6.567120e-03	1.402116e+00
7.868700e+01	6.860910e-03	1.402116e+00
8.130308e+01	7.105920e-03	1.402116e+00
8.391893e+01	7.341030e-03	1.402116e+00
8.653500e+01	7.592210e-03	1.402116e+00
8.915085e+01	7.841780e-03	1.402116e+00
9.176693e+01	8.105800e-03	1.402116e+00
9.438277e+01	8.365300e-03	1.402116e+00
9.679905e+01	8.589490e-03	1.402116e+00
9.961492e+01	8.892770e-03	1.402116e+00
1.022308e+02	9.164540e-03	1.402116e+00
1.045636e+02	9.398440e-03	1.402116e+00
1.074627e+02	9.689140e-03	1.402116e+00
1.100788e+02	9.966940e-03	1.402116e+00
1.122322e+02	1.020740e-02	1.402116e+00
1.153107e+02	1.053290e-02	1.402116e+00
1.179268e+02	1.079070e-02	1.402116e+00
1.202171e+02	1.101630e-02	1.402116e+00
1.231587e+02	1.133720e-02	1.402116e+00
1.257746e+02	1.163080e-02	1.402116e+00
1.283906e+02	1.191730e-02	1.402116e+00
1.310065e+02	1.220370e-02	1.402116e+00
1.336225e+02	1.251020e-02	1.402116e+00
1.362386e+02	1.283670e-02	1.402116e+00
1.388545e+02	1.313480e-02	1.402116e+00
1.414706e+02	1.342680e-02	1.402116e+00
1.440864e+02	1.372470e-02	1.402116e+00
1.467025e+02	1.405160e-02	1.402116e+00
1.493183e+02	1.437570e-02	1.402116e+00
1.517407e+02	1.465660e-02	1.402116e+00
1.545505e+02	1.498250e-02	1.402116e+00
1.571663e+02	1.530980e-02	1.402116e+00
1.597824e+02	1.566210e-02	1.402116e+00
1.623983e+02	1.596700e-02	1.402116e+00
1.650143e+02	1.627180e-02	1.402116e+00
1.676302e+02	1.658520e-02	1.402116e+00
1.702463e+02	1.693290e-02	1.402116e+00
1.728623e+02	1.727070e-02	1.402116e+00
1.754782e+02	1.759620e-02	1.402116e+00
1.778593e+02	1.789240e-02	1.402116e+00
1.807101e+02	1.828030e-02	1.402116e+00
1.833262e+02	1.865500e-02	1.402116e+00
1.859423e+02	1.900660e-02	1.402116e+00
1.885581e+02	1.935820e-02	1.402116e+00
1.911742e+02	1.972560e-02	1.402116e+00
1.937900e+02	2.013300e-02	1.402116e+00
1.964061e+02	2.049800e-02	1.402116e+00
1.990220e+02	2.084670e-02	1.402116e+00
2.011340e+02	2.112820e-02	1.402116e+00
2.038921e+02	2.153270e-02	1.402116e+00
2.065322e+02	2.193720e-02	1.402116e+00
2.092714e+02	2.234160e-02	1.402116e+00
2.120236e+02	2.274610e-02	1.402116e+00
2.146399e+02	2.315060e-02	1.402116e+00
2.169988e+02	2.355510e-02	1.402116e+00
2.195872e+02	2.395950e-02	1.402116e+00
2.222586e+02	2.436400e-02	1.402116e+00
2.249368e+02	2.476850e-02	1.402116e+00
2.275582e+02	2.517300e-02	1.402116e+00
2.301637e+02	2.557740e-02	1.402116e+00
2.327715e+02	2.598190e-02	1.402116e+00
2.351273e+02	2.638640e-02	1.402116e+00
2.374627e+02	2.679090e-02	1.402116e+00
2.399490e+02	2.719530e-02	1.402116e+00
2.424487e+02	2.759980e-02	1.402116e+00
2.449507e+02	2.800430e-02	1.402116e+00
2.471895e+02	2.840880e-02	1.402116e+00
2.494597e+02	2.881320e-02	1.402116e+00
2.513407e+02	2.913500e-02	1.402116e+00
2.539575e+02	2.958250e-02	1.402116e+00
2.565540e+02	3.002660e-02	1.402116e+00
2.587095e+02	3.043110e-02	1.402116e+00
2.608830e+02	3.083560e-02	1.402116e+00
2.631578e+02	3.124010e-02	1.402116e+00
2.654505e+02	3.164450e-02	1.402116e+00
2.677410e+02	3.204900e-02	1.402116e+00
2.696535e+02	3.241580e-02	1.402116e+00
2.718787e+02	3.285800e-02	1.402116e+00
2.740118e+02	3.326240e-02	1.402116e+00
2.761762e+02	3.366690e-02	1.402116e+00
2.783407e+02	3.407140e-02	1.402116e+00
2.801182e+02	3.440600e-02	1.402116e+00
2.824628e+02	3.488030e-02	1.402116e+00
2.844743e+02	3.528480e-02	1.402116e+00
2.865870e+02	3.568930e-02	1.402116e+00
2.887177e+02	3.609380e-02	1.402116e+00
2.905807e+02	3.644780e-02	1.402116e+00
2.928690e+02	3.690270e-02	1.402116e+00
2.947185e+02	3.730720e-02	1.402116e+00
2.966220e+02	3.771170e-02	1.402116e+00
2.984287e+02	3.806160e-02	1.402116e+00
3.007980e+02	3.852060e-02	1.402116e+00
3.028860e+02	3.892510e-02	1.402116e+00
3.048795e+02	3.932960e-02	1.402116e+00
3.067200e+02	3.973400e-02	1.402116e+00
3.086055e+02	4.013850e-02	1.402116e+00
3.106103e+02	4.054300e-02	1.402116e+00
3.126262e+02	4.094750e-02	1.402116e+00
3.146400e+02	4.135190e-02	1.402116e+00
3.166042e+02	4.175640e-02	1.402116e+00
3.184200e+02	4.216090e-02	1.402116e+00
3.202447e+02	4.256540e-02	1.402116e+00
3.219727e+02	4.294430e-02	1.402116e+00
3.239415e+02	4.337430e-02	1.402116e+00
3.257933e+02	4.377880e-02	1.402116e+00
3.276450e+02	4.418330e-02	1.402116e+00
3.294248e+02	4.458770e-02	1.402116e+00
3.311595e+02	4.499220e-02	1.402116e+00
3.329617e+02	4.539670e-02	1.402116e+00
3.349215e+02	4.580120e-02	1.402116e+00
3.368812e+02	4.620560e-02	1.402116e+00
3.388410e+02	4.661010e-02	1.402116e+00
3.407512e+02	4.701460e-02	1.402116e+00
3.423690e+02	4.741910e-02	1.402116e+00
3.439935e+02	4.782350e-02	1.402116e+00
3.455168e+02	4.818840e-02	1.402116e+00
3.474495e+02	4.863250e-02	1.402116e+00
3.492113e+02	4.903700e-02	1.402116e+00
3.507480e+02	4.939000e-02	1.402116e+00
3.527347e+02	4.984590e-02	1.402116e+00
3.544762e+02	5.025040e-02	1.402116e+00
3.559815e+02	5.059960e-02	1.402116e+00
3.580875e+02	5.105930e-02	1.402116e+00
3.600383e+02	5.146380e-02	1.402116e+00
3.619935e+02	5.186830e-02	1.402116e+00
3.638295e+02	5.224750e-02	1.402116e+00
3.657802e+02	5.267720e-02	1.402116e+00
3.673327e+02	5.308170e-02	1.402116e+00
3.688853e+02	5.348620e-02	1.402116e+00
3.705907e+02	5.389070e-02	1.402116e+00
3.723863e+02	5.429510e-02	1.402116e+00
3.741795e+02	5.469960e-02	1.402116e+00
3.759727e+02	5.510410e-02	1.402116e+00
3.777638e+02	5.550860e-02	1.402116e+00
3.795210e+02	5.591300e-02	1.402116e+00
3.812738e+02	5.631750e-02	1.402116e+00
3.830625e+02	5.672200e-02	1.402116e+00
3.847567e+02	5.710020e-02	1.402116e+00
3.866850e+02	5.753090e-02	1.402116e+00
3.884962e+02	5.793540e-02	1.402116e+00
3.899880e+02	5.826830e-02	1.402116e+00
3.919320e+02	5.874430e-02	1.402116e+00
3.935227e+02	5.914880e-02	1.402116e+00
3.951743e+02	5.955330e-02	1.402116e+00
3.970215e+02	5.995780e-02	1.402116e+00
3.988732e+02	6.036220e-02	1.402116e+00
4.004528e+02	6.070720e-02	1.402116e+00
4.025768e+02	6.117120e-02	1.402116e+00
4.043947e+02	6.157570e-02	1.402116e+00
4.061925e+02	6.198010e-02	1.402116e+00
4.079925e+02	6.238460e-02	1.402116e+00
4.097902e+02	6.278910e-02	1.402116e+00
4.115880e+02	6.319360e-02	1.402116e+00
4.132755e+02	6.359800e-02	1.402116e+00
4.149225e+02	6.400250e-02	1.402116e+00
4.165807e+02	6.440700e-02	1.402116e+00
4.183245e+02	6.481150e-02	1.402116e+00
4.200683e+02	6.521590e-02	1.402116e+00
4.218098e+02	6.562040e-02	1.402116e+00
4.235535e+02	6.602490e-02	1.402116e+00
4.252928e+02	6.642940e-02	1.402116e+00
4.270027e+02	6.683380e-02	1.402116e+00
4.287127e+02	6.723830e-02	1.402116e+00
4.305510e+02	6.764280e-02	1.402116e+00
4.324837e+02	6.804730e-02	1.402116e+00
4.344165e+02	6.845170e-02	1.402116e+00
4.363515e+02	6.885620e-02	1.402116e+00
4.382797e+02	6.926070e-02	1.402116e+00
4.396928e+02	6.961460e-02	1.402116e+00
4.415062e+02	7.006960e-02	1.402116e+00
4.431690e+02	7.047410e-02	1.402116e+00
4.449240e+02	7.086770e-02	1.402116e+00
4.467758e+02	7.128310e-02	1.402116e+00
4.485802e+02	7.168750e-02	1.402116e+00
4.501552e+02	7.204110e-02	1.402116e+00
4.521262e+02	7.249650e-02	1.402116e+00
4.537620e+02	7.290100e-02	1.402116e+00
4.553888e+02	7.330360e-02	1.402116e+00
4.572090e+02	7.370990e-02	1.402116e+00
4.591170e+02	7.411440e-02	1.402116e+00
4.610250e+02	7.451890e-02	1.402116e+00
4.629083e+02	7.492330e-02	1.402116e+00
4.646227e+02	7.532780e-02	1.402116e+00
4.663395e+02	7.573230e-02	1.402116e+00
4.682520e+02	7.613680e-02	1.402116e+00
4.703558e+02	7.654120e-02	1.402116e+00
4.724640e+02	7.694570e-02	1.402116e+00
4.745722e+02	7.735020e-02	1.402116e+00
4.763160e+02	7.769640e-02	1.402116e+00
4.782488e+02	7.815910e-02	1.402116e+00
4.799025e+02	7.856360e-02	1.402116e+00
4.815472e+02	7.890620e-02	1.402116e+00
4.841640e+02	7.935020e-02	1.402116e+00
4.866817e+02	7.977700e-02	1.402116e+00
4.890668e+02	8.018150e-02	1.402116e+00
4.910378e+02	8.058600e-02	1.402116e+00
4.928040e+02	8.099050e-02	1.402116e+00
4.946197e+02	8.139490e-02	1.402116e+00
4.964670e+02	8.179940e-02	1.402116e+00
4.983660e+02	8.220390e-02	1.402116e+00
5.002920e+02	8.260840e-02	1.402116e+00
5.022180e+02	8.301280e-02	1.402116e+00
5.041440e+02	8.341730e-02	1.402116e+00
5.060587e+02	8.382180e-02	1.402116e+00
5.077080e+02	8.417080e-02	1.402116e+00
6.822315e+01	4.156240e-03	1.669793e+00
7.083900e+01	4.326170e-03	1.669793e+00
7.345508e+01	4.486300e-03	1.669793e+00
7.607093e+01	4.650910e-03	1.669793e+00
7.868700e+01	4.818750e-03	1.669793e+00
8.130308e+01	4.976540e-03	1.669793e+00
8.391893e+01	5.154970e-03	1.669793e+00
8.653500e+01	5.329470e-03	1.669793e+00
8.915085e+01	5.496370e-03	1.669793e+00
9.176693e+01	5.660910e-03	1.669793e+00
9.438277e+01	5.832170e-03	1.669793e+00
9.699885e+01	6.015870e-03	1.669793e+00
9.961492e+01	6.202750e-03	1.669793e+00
1.022308e+02	6.389850e-03	1.669793e+00
1.048468e+02	6.557770e-03	1.669793e+00
1.074627e+02	6.745980e-03	1.669793e+00
1.100788e+02	6.939270e-03	1.669793e+00
1.126946e+02	7.134810e-03	1.669793e+00
1.153107e+02	7.312090e-03	1.669793e+00
1.179268e+02	7.487940e-03	1.669793e+00
1.205426e+02	7.675780e-03	1.669793e+00
1.231587e+02	7.868210e-03	1.669793e+00
1.257746e+02	8.058950e-03	1.669793e+00
1.283906e+02	8.245260e-03	1.669793e+00
1.310065e+02	8.447650e-03	1.669793e+00
1.336225e+02	8.658120e-03	1.669793e+00
1.362386e+02	8.870340e-03	1.669793e+00
1.388545e+02	9.066260e-03	1.669793e+00
1.414706e+02	9.266190e-03	1.669793e+00
1.440864e+02	9.477590e-03	1.669793e+00
1.467025e+02	9.694740e-03	1.669793e+00
1.493183e+02	9.904970e-03	1.669793e+00
1.519344e+02	1.010270e-02	1.669793e+00
1.545505e+02	1.031880e-02	1.669793e+00
1.571663e+02	1.054380e-02	1.669793e+00
1.597824e+02	1.076870e-02	1.669793e+00
1.623983e+02	1.096630e-02	1.669793e+00
1.650143e+02	1.117420e-02	1.669793e+00
1.676302e+02	1.139930e-02	1.669793e+00
1.702463e+02	1.162440e-02	1.669793e+00
1.726621e+02	1.182530e-02	1.669793e+00
1.754782e+02	1.205740e-02	1.669793e+00
1.780943e+02	1.228990e-02	1.669793e+00
1.807101e+02	1.253070e-02	1.669793e+00
1.833262e+02	1.277160e-02	1.669793e+00
1.859423e+02	1.299280e-02	1.669793e+00
1.885581e+02	1.323570e-02	1.669793e+00
1.911742e+02	1.349410e-02	1.669793e+00
1.937900e+02	1.375260e-02	1.669793e+00
1.964061e+02	1.399040e-02	1.669793e+00
1.990220e+02	1.421840e-02	1.669793e+00
2.016380e+02	1.447390e-02	1.669793e+00
2.042541e+02	1.473150e-02	1.669793e+00
2.068699e+02	1.498770e-02	1.669793e+00
2.094860e+02	1.523330e-02	1.669793e+00
2.117695e+02	1.546560e-02	1.669793e+00
2.147180e+02	1.578520e-02	1.669793e+00
2.173338e+02	1.606880e-02	1.669793e+00
2.199499e+02	1.633050e-02	1.669793e+00
2.225659e+02	1.659300e-02	1.669793e+00
2.251823e+02	1.688110e-02	1.669793e+00
2.277967e+02	1.717230e-02	1.669793e+00
2.304135e+02	1.745810e-02	1.669793e+00
2.330302e+02	1.771740e-02	1.669793e+00
2.356447e+02	1.800600e-02	1.669793e+00
2.381782e+02	1.829690e-02	1.669793e+00
2.408783e+02	1.860690e-02	1.669793e+00
2.434928e+02	1.888410e-02	1.669793e+00
2.461095e+02	1.916510e-02	1.669793e+00
2.487262e+02	1.947720e-02	1.669793e+00
2.513407e+02	1.978930e-02	1.669793e+00
2.539575e+02	2.009530e-02	1.669793e+00
2.565743e+02	2.038290e-02	1.669793e+00
2.591887e+02	2.070430e-02	1.669793e+00
2.618055e+02	2.103650e-02	1.669793e+00
2.644223e+02	2.136880e-02	1.669793e+00
2.670368e+02	2.167550e-02	1.669793e+00
2.692507e+02	2.193720e-02	1.669793e+00
2.722702e+02	2.233330e-02	1.669793e+00
2.748847e+02	2.267840e-02	1.669793e+00
2.775015e+02	2.301460e-02	1.669793e+00
2.801182e+02	2.332770e-02	1.669793e+00
2.827328e+02	2.367750e-02	1.669793e+00
2.847757e+02	2.395950e-02	1.669793e+00
2.877052e+02	2.436400e-02	1.669793e+00
2.905807e+02	2.473310e-02	1.669793e+00
2.931975e+02	2.505960e-02	1.669793e+00
2.958143e+02	2.540070e-02	1.669793e+00
2.984287e+02	2.576260e-02	1.669793e+00
3.010455e+02	2.613590e-02	1.669793e+00
3.036623e+02	2.650850e-02	1.669793e+00
3.057503e+02	2.679090e-02	1.669793e+00
3.087405e+02	2.719530e-02	1.669793e+00
3.114855e+02	2.759980e-02	1.669793e+00
3.141247e+02	2.798890e-02	1.669793e+00
3.167415e+02	2.837410e-02	1.669793e+00
3.193560e+02	2.875790e-02	1.669793e+00
3.219727e+02	2.915060e-02	1.669793e+00
3.245895e+02	2.954640e-02	1.669793e+00
3.272040e+02	2.994230e-02	1.669793e+00
3.298207e+02	3.032570e-02	1.669793e+00
3.324375e+02	3.072050e-02	1.669793e+00
3.350520e+02	3.115360e-02	1.669793e+00
3.376687e+02	3.159420e-02	1.669793e+00
3.402855e+02	3.203480e-02	1.669793e+00
3.429000e+02	3.244800e-02	1.669793e+00
3.454560e+02	3.285800e-02	1.669793e+00
3.479355e+02	3.326240e-02	1.669793e+00
3.504173e+02	3.366690e-02	1.669793e+00
3.529575e+02	3.407140e-02	1.669793e+00
3.556732e+02	3.447590e-02	1.669793e+00
3.580312e+02	3.488030e-02	1.669793e+00
3.602858e+02	3.528480e-02	1.669793e+00
3.625425e+02	3.568930e-02	1.669793e+00
3.648442e+02	3.609380e-02	1.669793e+00
3.673238e+02	3.649820e-02	1.669793e+00
3.697920e+02	3.690270e-02	1.669793e+00
3.716775e+02	3.721620e-02	1.669793e+00
3.742920e+02	3.765120e-02	1.669793e+00
3.769087e+02	3.808620e-02	1.669793e+00
3.795255e+02	3.851000e-02	1.669793e+00
3.819577e+02	3.892510e-02	1.669793e+00
3.841898e+02	3.932960e-02	1.669793e+00
3.864240e+02	3.973400e-02	1.669793e+00
3.886628e+02	4.013850e-02	1.669793e+00
3.910117e+02	4.054300e-02	1.669793e+00
3.934058e+02	4.094750e-02	1.669793e+00
3.952215e+02	4.127520e-02	1.669793e+00
3.978360e+02	4.174800e-02	1.669793e+00
4.001220e+02	4.216090e-02	1.669793e+00
4.023900e+02	4.256540e-02	1.669793e+00
4.047255e+02	4.296980e-02	1.669793e+00
4.069912e+02	4.337430e-02	1.669793e+00
4.091782e+02	4.377880e-02	1.669793e+00
4.109152e+02	4.410050e-02	1.669793e+00
4.135320e+02	4.458440e-02	1.669793e+00
4.157527e+02	4.499220e-02	1.669793e+00
4.179645e+02	4.539670e-02	1.669793e+00
4.201245e+02	4.580120e-02	1.669793e+00
4.222665e+02	4.620560e-02	1.669793e+00
4.239968e+02	4.653200e-02	1.669793e+00
4.265528e+02	4.701460e-02	1.669793e+00
4.288747e+02	4.741910e-02	1.669793e+00
4.312823e+02	4.782350e-02	1.669793e+00
4.333320e+02	4.822800e-02	1.669793e+00
4.353570e+02	4.863250e-02	1.669793e+00
4.370760e+02	4.897560e-02	1.669793e+00
4.394093e+02	4.944140e-02	1.669793e+00
4.415715e+02	4.984590e-02	1.669793e+00
4.438125e+02	5.025040e-02	1.669793e+00
4.460648e+02	5.065490e-02	1.669793e+00
4.483192e+02	5.105930e-02	1.669793e+00
4.501552e+02	5.138910e-02	1.669793e+00
4.527720e+02	5.185860e-02	1.669793e+00
4.551593e+02	5.227280e-02	1.669793e+00
4.575308e+02	5.267720e-02	1.669793e+00
4.599203e+02	5.308170e-02	1.669793e+00
4.620420e+02	5.348620e-02	1.669793e+00
4.641232e+02	5.389070e-02	1.669793e+00
4.658512e+02	5.422650e-02	1.669793e+00
4.682880e+02	5.469960e-02	1.669793e+00
4.704345e+02	5.510410e-02	1.669793e+00
4.726305e+02	5.550860e-02	1.669793e+00
4.748265e+02	5.591300e-02	1.669793e+00
4.771508e+02	5.631750e-02	1.669793e+00
4.795987e+02	5.672200e-02	1.669793e+00
4.815472e+02	5.705940e-02	1.669793e+00
4.841640e+02	5.752060e-02	1.669793e+00
4.865175e+02	5.793540e-02	1.669793e+00
4.888102e+02	5.833990e-02	1.669793e+00
4.910895e+02	5.874430e-02	1.669793e+00
4.933732e+02	5.914880e-02	1.669793e+00
4.957245e+02	5.955330e-02	1.669793e+00
4.980848e+02	5.995780e-02	1.669793e+00
4.998600e+02	6.026200e-02	1.669793e+00
5.024745e+02	6.071040e-02	1.669793e+00
5.050913e+02	6.116210e-02	1.669793e+00
5.074605e+02	6.157570e-02	1.669793e+00
5.097218e+02	6.198010e-02	1.669793e+00
5.119853e+02	6.238460e-02	1.669793e+00
5.142465e+02	6.278910e-02	1.669793e+00
5.165077e+02	6.319360e-02	1.669793e+00
5.187713e+02	6.359800e-02	1.669793e+00
5.207873e+02	6.395870e-02	1.669793e+00
5.232937e+02	6.440700e-02	1.669793e+00
5.257260e+02	6.481150e-02	1.669793e+00
5.280053e+02	6.521590e-02	1.669793e+00
5.304352e+02	6.562040e-02	1.669793e+00
5.329103e+02	6.602490e-02	1.669793e+00
5.353763e+02	6.642940e-02	1.669793e+00
5.378737e+02	6.683380e-02	1.669793e+00
5.403803e+02	6.723830e-02	1.669793e+00
5.429048e+02	6.764280e-02	1.669793e+00
6.822315e+01	2.825040e-03	2.039442e+00
7.083900e+01	2.922480e-03	2.039442e+00
7.345508e+01	3.036960e-03	2.039442e+00
7.607093e+01	3.147440e-03	2.039442e+00
7.868700e+01	3.251360e-03	2.039442e+00
8.130308e+01	3.350730e-03	2.039442e+00
8.391893e+01	3.467850e-03	2.039442e+00
8.653500e+01	3.579550e-03	2.039442e+00
8.915085e+01	3.686200e-03	2.039442e+00
9.176693e+01	3.804700e-03	2.039442e+00
9.438277e+01	3.922810e-03	2.039442e+00
9.699885e+01	4.036140e-03	2.039442e+00
9.961492e+01	4.151930e-03	2.039442e+00
1.022308e+02	4.286200e-03	2.039442e+00
1.048468e+02	4.399290e-03	2.039442e+00
1.074627e+02	4.509370e-03	2.039442e+00
1.100788e+02	4.638060e-03	2.039442e+00
1.126946e+02	4.765750e-03	2.039442e+00
1.153107e+02	4.877170e-03	2.039442e+00
1.179268e+02	4.994360e-03	2.039442e+00
1.205426e+02	5.120640e-03	2.039442e+00
1.231587e+02	5.237790e-03	2.039442e+00
1.257746e+02	5.353130e-03	2.039442e+00
1.283906e+02	5.488610e-03	2.039442e+00
1.310065e+02	5.618680e-03	2.039442e+00
1.336225e+02	5.744870e-03	2.039442e+00
1.362386e+02	5.890270e-03	2.039442e+00
1.388545e+02	6.018690e-03	2.039442e+00
1.414706e+02	6.141440e-03	2.039442e+00
1.440864e+02	6.285320e-03	2.039442e+00
1.467025e+02	6.419420e-03	2.039442e+00
1.493183e+02	6.545840e-03	2.039442e+00
1.519344e+02	6.691220e-03	2.039442e+00
1.545505e+02	6.828800e-03	2.039442e+00
1.571663e+02	6.963320e-03	2.039442e+00
1.597824e+02	7.116510e-03	2.039442e+00
1.623983e+02	7.246310e-03	2.039442e+00
1.649930e+02	7.376070e-03	2.039442e+00
1.676302e+02	7.526820e-03	2.039442e+00
1.702463e+02	7.661470e-03	2.039442e+00
1.728623e+02	7.798090e-03	2.039442e+00
1.754782e+02	7.952890e-03	2.039442e+00
1.780943e+02	8.094500e-03	2.039442e+00
1.807101e+02	8.250730e-03	2.039442e+00
1.833262e+02	8.404890e-03	2.039442e+00
1.859423e+02	8.547390e-03	2.039442e+00
1.885581e+02	8.713800e-03	2.039442e+00
1.911742e+02	8.868030e-03	2.039442e+00
1.937900e+02	9.029920e-03	2.039442e+00
1.964061e+02	9.192700e-03	2.039442e+00
1.990220e+02	9.338280e-03	2.039442e+00
2.016380e+02	9.506380e-03	2.039442e+00
2.042541e+02	9.661970e-03	2.039442e+00
2.068699e+02	9.822210e-03	2.039442e+00
2.094860e+02	9.992570e-03	2.039442e+00
2.121019e+02	1.016230e-02	2.039442e+00
2.147180e+02	1.034670e-02	2.039442e+00
2.173338e+02	1.051550e-02	2.039442e+00
2.199499e+02	1.069270e-02	2.039442e+00
2.225659e+02	1.086840e-02	2.039442e+00
2.251823e+02	1.105180e-02	2.039442e+00
2.277967e+02	1.123510e-02	2.039442e+00
2.304135e+02	1.141200e-02	2.039442e+00
2.330302e+02	1.159620e-02	2.039442e+00
2.356447e+02	1.177750e-02	2.039442e+00
2.382615e+02	1.197220e-02	2.039442e+00
2.408783e+02	1.215290e-02	2.039442e+00
2.434928e+02	1.234220e-02	2.039442e+00
2.461095e+02	1.252960e-02	2.039442e+00
2.487262e+02	1.273100e-02	2.039442e+00
2.513407e+02	1.292010e-02	2.039442e+00
2.539575e+02	1.312250e-02	2.039442e+00
2.565743e+02	1.331440e-02	2.039442e+00
2.591887e+02	1.352910e-02	2.039442e+00
2.618055e+02	1.373290e-02	2.039442e+00
2.644223e+02	1.394800e-02	2.039442e+00
2.670368e+02	1.414890e-02	2.039442e+00
2.696535e+02	1.436980e-02	2.039442e+00
2.722702e+02	1.458300e-02	2.039442e+00
2.748847e+02	1.480690e-02	2.039442e+00
2.775015e+02	1.501800e-02	2.039442e+00
2.801182e+02	1.523900e-02	2.039442e+00
2.827328e+02	1.546250e-02	2.039442e+00
2.853495e+02	1.568900e-02	2.039442e+00
2.879663e+02	1.591880e-02	2.039442e+00
2.905807e+02	1.614040e-02	2.039442e+00
2.931975e+02	1.638170e-02	2.039442e+00
2.958143e+02	1.661710e-02	2.039442e+00
2.984287e+02	1.685880e-02	2.039442e+00
3.009150e+02	1.708350e-02	2.039442e+00
3.036623e+02	1.733430e-02	2.039442e+00
3.062767e+02	1.758790e-02	2.039442e+00
3.088935e+02	1.783350e-02	2.039442e+00
3.115103e+02	1.808320e-02	2.039442e+00
3.138480e+02	1.829690e-02	2.039442e+00
3.167415e+02	1.858050e-02	2.039442e+00
3.193560e+02	1.883980e-02	2.039442e+00
3.219727e+02	1.909410e-02	2.039442e+00
3.245895e+02	1.935090e-02	2.039442e+00
3.272040e+02	1.962740e-02	2.039442e+00
3.298207e+02	1.991340e-02	2.039442e+00
3.324375e+02	2.020170e-02	2.039442e+00
3.350520e+02	2.049010e-02	2.039442e+00
3.373020e+02	2.072370e-02	2.039442e+00
3.402855e+02	2.105070e-02	2.039442e+00
3.429000e+02	2.133740e-02	2.039442e+00
3.455168e+02	2.162650e-02	2.039442e+00
3.481335e+02	2.191090e-02	2.039442e+00
3.507480e+02	2.220720e-02	2.039442e+00
3.533647e+02	2.252330e-02	2.039442e+00
3.559815e+02	2.284100e-02	2.039442e+00
3.585555e+02	2.315060e-02	2.039442e+00
3.612127e+02	2.345890e-02	2.039442e+00
3.638295e+02	2.375660e-02	2.039442e+00
3.664440e+02	2.405960e-02	2.039442e+00
3.690607e+02	2.436140e-02	2.039442e+00
3.716775e+02	2.466370e-02	2.039442e+00
3.742920e+02	2.496870e-02	2.039442e+00
3.769087e+02	2.529840e-02	2.039442e+00
3.791227e+02	2.557740e-02	2.039442e+00
3.821400e+02	2.595780e-02	2.039442e+00
3.847567e+02	2.628750e-02	2.039442e+00
3.873735e+02	2.660300e-02	2.039442e+00
3.899880e+02	2.693630e-02	2.039442e+00
3.920085e+02	2.719530e-02	2.039442e+00
3.951608e+02	2.759980e-02	2.039442e+00
3.978360e+02	2.794310e-02	2.039442e+00
4.004528e+02	2.828750e-02	2.039442e+00
4.030695e+02	2.864150e-02	2.039442e+00
4.056840e+02	2.899600e-02	2.039442e+00
4.083008e+02	2.935050e-02	2.039442e+00
4.103077e+02	2.962220e-02	2.039442e+00
4.132192e+02	3.002660e-02	2.039442e+00
4.160857e+02	3.043110e-02	2.039442e+00
4.187632e+02	3.080920e-02	2.039442e+00
4.213800e+02	3.117830e-02	2.039442e+00
4.239968e+02	3.154480e-02	2.039442e+00
4.266112e+02	3.192970e-02	2.039442e+00
4.292280e+02	3.232230e-02	2.039442e+00
4.318448e+02	3.271480e-02	2.039442e+00
4.344592e+02	3.310730e-02	2.039442e+00
4.370760e+02	3.348220e-02	2.039442e+00
4.396928e+02	3.385200e-02	2.039442e+00
4.423072e+02	3.422210e-02	2.039442e+00
4.449240e+02	3.459220e-02	2.039442e+00
4.469602e+02	3.488030e-02	2.039442e+00
4.497390e+02	3.528480e-02	2.039442e+00
4.523827e+02	3.568930e-02	2.039442e+00
4.550265e+02	3.609380e-02	2.039442e+00
4.576703e+02	3.649820e-02	2.039442e+00
4.603410e+02	3.690270e-02	2.039442e+00
4.630725e+02	3.730720e-02	2.039442e+00
4.657590e+02	3.771170e-02	2.039442e+00
4.684455e+02	3.811610e-02	2.039442e+00
4.710848e+02	3.850310e-02	2.039442e+00
4.736992e+02	3.889640e-02	2.039442e+00
4.763160e+02	3.929060e-02	2.039442e+00
4.789327e+02	3.968480e-02	2.039442e+00
4.815472e+02	4.007900e-02	2.039442e+00
4.841640e+02	4.047200e-02	2.039442e+00
4.867808e+02	4.086110e-02	2.039442e+00
4.893952e+02	4.124970e-02	2.039442e+00
4.920120e+02	4.163830e-02	2.039442e+00
4.946288e+02	4.202690e-02	2.039442e+00
4.972433e+02	4.242390e-02	2.039442e+00
4.998600e+02	4.284070e-02	2.039442e+00
5.024745e+02	4.326060e-02	2.039442e+00
5.050913e+02	4.368050e-02	2.039442e+00
5.077080e+02	4.410040e-02	2.039442e+00
5.103225e+02	4.450360e-02	2.039442e+00
5.129393e+02	4.491110e-02	2.039442e+00
5.155560e+02	4.532090e-02	2.039442e+00
5.181705e+02	4.573070e-02	2.039442e+00
5.207873e+02	4.614040e-02	2.039442e+00
5.234040e+02	4.654330e-02	2.039442e+00
5.260185e+02	4.693700e-02	2.039442e+00
5.286353e+02	4.733020e-02	2.039442e+00
5.312520e+02	4.772340e-02	2.039442e+00
5.338665e+02	4.811650e-02	2.039442e+00
5.364832e+02	4.852310e-02	2.039442e+00
5.391000e+02	4.899290e-02	2.039442e+00
5.417145e+02	4.942270e-02	2.039442e+00
5.443245e+02	4.984590e-02	2.039442e+00
5.468557e+02	5.025040e-02	2.039442e+00
5.494410e+02	5.065490e-02	2.039442e+00
5.519925e+02	5.105930e-02	2.039442e+00
5.540648e+02	5.146380e-02	2.039442e+00
5.564160e+02	5.186830e-02	2.039442e+00
5.590058e+02	5.227280e-02	2.039442e+00
5.615978e+02	5.267720e-02	2.039442e+00
5.641898e+02	5.308170e-02	2.039442e+00
5.667727e+02	5.348620e-02	2.039442e+00
6.822315e+01	1.847170e-03	2.562049e+00
7.083900e+01	1.913720e-03	2.562049e+00
7.345508e+01	1.978840e-03	2.562049e+00
7.607093e+01	2.042310e-03	2.562049e+00
7.868700e+01	2.104370e-03	2.562049e+00
8.130308e+01	2.173520e-03	2.562049e+00
8.391893e+01	2.249370e-03	2.562049e+00
8.653500e+01	2.323080e-03	2.562049e+00
8.915085e+01	2.394480e-03	2.562049e+00
9.176693e+01	2.460470e-03	2.562049e+00
9.438277e+01	2.520130e-03	2.562049e+00
9.699885e+01	2.598870e-03	2.562049e+00
9.961492e+01	2.681460e-03	2.562049e+00
1.022308e+02	2.761110e-03	2.562049e+00
1.048468e+02	2.828310e-03	2.562049e+00
1.074627e+02	2.893210e-03	2.562049e+00
1.100788e+02	2.964440e-03	2.562049e+00
1.126946e+02	3.052370e-03	2.562049e+00
1.153107e+02	3.131420e-03	2.562049e+00
1.179268e+02	3.200830e-03	2.562049e+00
1.205426e+02	3.268460e-03	2.562049e+00
1.231587e+02	3.334470e-03	2.562049e+00
1.257746e+02	3.418880e-03	2.562049e+00
1.283906e+02	3.503270e-03	2.562049e+00
1.310065e+02	3.584310e-03	2.562049e+00
1.336225e+02	3.660410e-03	2.562049e+00
1.362386e+02	3.732610e-03	2.562049e+00
1.388545e+02	3.821450e-03	2.562049e+00
1.414706e+02	3.910990e-03	2.562049e+00
1.440864e+02	3.994490e-03	2.562049e+00
1.467025e+02	4.073180e-03	2.562049e+00
1.493183e+02	4.153630e-03	2.562049e+00
1.519344e+02	4.241580e-03	2.562049e+00
1.545505e+02	4.333130e-03	2.562049e+00
1.571663e+02	4.418090e-03	2.562049e+00
1.597824e+02	4.502050e-03	2.562049e+00
1.623983e+02	4.582280e-03	2.562049e+00
1.650143e+02	4.672310e-03	2.562049e+00
1.676302e+02	4.762370e-03	2.562049e+00
1.702463e+02	4.848490e-03	2.562049e+00
1.728623e+02	4.931510e-03	2.562049e+00
1.754782e+02	5.018240e-03	2.562049e+00
1.780943e+02	5.117260e-03	2.562049e+00
1.807101e+02	5.210740e-03	2.562049e+00
1.833262e+02	5.303100e-03	2.562049e+00
1.859423e+02	5.391650e-03	2.562049e+00
1.885581e+02	5.492620e-03	2.562049e+00
1.911742e+02	5.594100e-03	2.562049e+00
1.937900e+02	5.688190e-03	2.562049e+00
1.964061e+02	5.782730e-03	2.562049e+00
1.990220e+02	5.881940e-03	2.562049e+00
2.016380e+02	5.986160e-03	2.562049e+00
2.042541e+02	6.080970e-03	2.562049e+00
2.068699e+02	6.173330e-03	2.562049e+00
2.094860e+02	6.281780e-03	2.562049e+00
2.121019e+02	6.396370e-03	2.562049e+00
2.147180e+02	6.499700e-03	2.562049e+00
2.173338e+02	6.599760e-03	2.562049e+00
2.199499e+02	6.717460e-03	2.562049e+00
2.225659e+02	6.833040e-03	2.562049e+00
2.251823e+02	6.936820e-03	2.562049e+00
2.277967e+02	7.043560e-03	2.562049e+00
2.304135e+02	7.168450e-03	2.562049e+00
2.330302e+02	7.281580e-03	2.562049e+00
2.356447e+02	7.385920e-03	2.562049e+00
2.382615e+02	7.499070e-03	2.562049e+00
2.408783e+02	7.626590e-03	2.562049e+00
2.434928e+02	7.742150e-03	2.562049e+00
2.461095e+02	7.854270e-03	2.562049e+00
2.487262e+02	7.978000e-03	2.562049e+00
2.513407e+02	8.097710e-03	2.562049e+00
2.539575e+02	8.215760e-03	2.562049e+00
2.565743e+02	8.344490e-03	2.562049e+00
2.591887e+02	8.477930e-03	2.562049e+00
2.618055e+02	8.596110e-03	2.562049e+00
2.644223e+02	8.728000e-03	2.562049e+00
2.670368e+02	8.870410e-03	2.562049e+00
2.696220e+02	8.993970e-03	2.562049e+00
2.722702e+02	9.128590e-03	2.562049e+00
2.748847e+02	9.269430e-03	2.562049e+00
2.773822e+02	9.398440e-03	2.562049e+00
2.801182e+02	9.542490e-03	2.562049e+00
2.827328e+02	9.686810e-03	2.562049e+00
2.853495e+02	9.816610e-03	2.562049e+00
2.879663e+02	9.959380e-03	2.562049e+00
2.905807e+02	1.011370e-02	2.562049e+00
2.931975e+02	1.025440e-02	2.562049e+00
2.958143e+02	1.040330e-02	2.562049e+00
2.984287e+02	1.055400e-02	2.562049e+00
3.010455e+02	1.070760e-02	2.562049e+00
3.036623e+02	1.086700e-02	2.562049e+00
3.062767e+02	1.101620e-02	2.562049e+00
3.088935e+02	1.117040e-02	2.562049e+00
3.115103e+02	1.133280e-02	2.562049e+00
3.141247e+02	1.149340e-02	2.562049e+00
3.167415e+02	1.165530e-02	2.562049e+00
3.193560e+02	1.181310e-02	2.562049e+00
3.219727e+02	1.197100e-02	2.562049e+00
3.245895e+02	1.214850e-02	2.562049e+00
3.272040e+02	1.232160e-02	2.562049e+00
3.298207e+02	1.250470e-02	2.562049e+00
3.324375e+02	1.268010e-02	2.562049e+00
3.350520e+02	1.286420e-02	2.562049e+00
3.374685e+02	1.303870e-02	2.562049e+00
3.402855e+02	1.323560e-02	2.562049e+00
3.429000e+02	1.341930e-02	2.562049e+00
3.455168e+02	1.359900e-02	2.562049e+00
3.481335e+02	1.379580e-02	2.562049e+00
3.507480e+02	1.399330e-02	2.562049e+00
3.533647e+02	1.419710e-02	2.562049e+00
3.559815e+02	1.439470e-02	2.562049e+00
3.585960e+02	1.459860e-02	2.562049e+00
3.612127e+02	1.481010e-02	2.562049e+00
3.638295e+02	1.500920e-02	2.562049e+00
3.664440e+02	1.520300e-02	2.562049e+00
3.690607e+02	1.540220e-02	2.562049e+00
3.716775e+02	1.560350e-02	2.562049e+00
3.742920e+02	1.582380e-02	2.562049e+00
3.769087e+02	1.603710e-02	2.562049e+00
3.795255e+02	1.625370e-02	2.562049e+00
3.821400e+02	1.646780e-02	2.562049e+00
3.845250e+02	1.667900e-02	2.562049e+00
3.873735e+02	1.692400e-02	2.562049e+00
3.899880e+02	1.714730e-02	2.562049e+00
3.926048e+02	1.737060e-02	2.562049e+00
3.952215e+02	1.759830e-02	2.562049e+00
3.978360e+02	1.784370e-02	2.562049e+00
4.004528e+02	1.808200e-02	2.562049e+00
4.027995e+02	1.829690e-02	2.562049e+00
4.056840e+02	1.856110e-02	2.562049e+00
4.083008e+02	1.881600e-02	2.562049e+00
4.109152e+02	1.907280e-02	2.562049e+00
4.135320e+02	1.932730e-02	2.562049e+00
4.161488e+02	1.958270e-02	2.562049e+00
4.187632e+02	1.983830e-02	2.562049e+00
4.213800e+02	2.011540e-02	2.562049e+00
4.239968e+02	2.038860e-02	2.562049e+00
4.266112e+02	2.066200e-02	2.562049e+00
4.292280e+02	2.093510e-02	2.562049e+00
4.318448e+02	2.121230e-02	2.562049e+00
4.344592e+02	2.149640e-02	2.562049e+00
4.370760e+02	2.176480e-02	2.562049e+00
4.396928e+02	2.203330e-02	2.562049e+00
4.423072e+02	2.230200e-02	2.562049e+00
4.449240e+02	2.258340e-02	2.562049e+00
4.475408e+02	2.287670e-02	2.562049e+00
4.499887e+02	2.315060e-02	2.562049e+00
4.527720e+02	2.346180e-02	2.562049e+00
4.553888e+02	2.375440e-02	2.562049e+00
4.580032e+02	2.405080e-02	2.562049e+00
4.606200e+02	2.434910e-02	2.562049e+00
4.632368e+02	2.464730e-02	2.562049e+00
4.658512e+02	2.495810e-02	2.562049e+00
4.684680e+02	2.526460e-02	2.562049e+00
4.710848e+02	2.556970e-02	2.562049e+00
4.736992e+02	2.587470e-02	2.562049e+00
4.763160e+02	2.618150e-02	2.562049e+00
4.789327e+02	2.649560e-02	2.562049e+00
4.814235e+02	2.679090e-02	2.562049e+00
4.841640e+02	2.711540e-02	2.562049e+00
4.867808e+02	2.742530e-02	2.562049e+00
4.893952e+02	2.774090e-02	2.562049e+00
4.914765e+02	2.800430e-02	2.562049e+00
4.946220e+02	2.840880e-02	2.562049e+00
4.972433e+02	2.874610e-02	2.562049e+00
4.998600e+02	2.908260e-02	2.562049e+00
5.024745e+02	2.941950e-02	2.562049e+00
5.050913e+02	2.975530e-02	2.562049e+00
5.072085e+02	3.002660e-02	2.562049e+00
5.103225e+02	3.042630e-02	2.562049e+00
5.129393e+02	3.076170e-02	2.562049e+00
5.155560e+02	3.110990e-02	2.562049e+00
5.181705e+02	3.144810e-02	2.562049e+00
5.207873e+02	3.178460e-02	2.562049e+00
5.228438e+02	3.204900e-02	2.562049e+00
5.259870e+02	3.245350e-02	2.562049e+00
5.286353e+02	3.280720e-02	2.562049e+00
5.312520e+02	3.316350e-02	2.562049e+00
5.338665e+02	3.352040e-02	2.562049e+00
5.364832e+02	3.387720e-02	2.562049e+00
5.391000e+02	3.423410e-02	2.562049e+00
5.417145e+02	3.458960e-02	2.562049e+00
5.439510e+02	3.488030e-02	2.562049e+00
5.469480e+02	3.526960e-02	2.562049e+00
5.495625e+02	3.560950e-02	2.562049e+00
5.521793e+02	3.594930e-02	2.562049e+00
5.547960e+02	3.631030e-02	2.562049e+00
5.574105e+02	3.666180e-02	2.562049e+00
5.600272e+02	3.701300e-02	2.562049e+00
5.622188e+02	3.730720e-02	2.562049e+00
5.652315e+02	3.771170e-02	2.562049e+00
5.678753e+02	3.809260e-02	2.562049e+00
5.700533e+02	3.852060e-02	2.562049e+00
5.720805e+02	3.892510e-02	2.562049e+00
5.741100e+02	3.932960e-02	2.562049e+00
5.764567e+02	3.973400e-02	2.562049e+00
5.792265e+02	4.013850e-02	2.562049e+00
5.819693e+02	4.054300e-02	2.562049e+00
5.847120e+02	4.094750e-02	2.562049e+00
6.822315e+01	1.143790e-03	3.390572e+00
7.083900e+01	1.178410e-03	3.390572e+00
7.345508e+01	1.212300e-03	3.390572e+00
7.607093e+01	1.245440e-03	3.390572e+00
7.868700e+01	1.277390e-03	3.390572e+00
8.130308e+01	1.304250e-03	3.390572e+00
8.391893e+01	1.348830e-03	3.390572e+00
8.653500e+01	1.397230e-03	3.390572e+00
8.915085e+01	1.443160e-03	3.390572e+00
9.176693e+01	1.485600e-03	3.390572e+00
9.438277e+01	1.525270e-03	3.390572e+00
9.699885e+01	1.564660e-03	3.390572e+00
9.961492e+01	1.603980e-03	3.390572e+00
1.022308e+02	1.644090e-03	3.390572e+00
1.048468e+02	1.677130e-03	3.390572e+00
1.074627e+02	1.708660e-03	3.390572e+00
1.100788e+02	1.757050e-03	3.390572e+00
1.126946e+02	1.808740e-03	3.390572e+00
1.153107e+02	1.855370e-03	3.390572e+00
1.179268e+02	1.896820e-03	3.390572e+00
1.205426e+02	1.938810e-03	3.390572e+00
1.231587e+02	1.981880e-03	3.390572e+00
1.257746e+02	2.024340e-03	3.390572e+00
1.283906e+02	2.061140e-03	3.390572e+00
1.310065e+02	2.097420e-03	3.390572e+00
1.336225e+02	2.139220e-03	3.390572e+00
1.362386e+02	2.196490e-03	3.390572e+00
1.388545e+02	2.247650e-03	3.390572e+00
1.414706e+02	2.293750e-03	3.390572e+00
1.440864e+02	2.342420e-03	3.390572e+00
1.467025e+02	2.390720e-03	3.390572e+00
1.493183e+02	2.437370e-03	3.390572e+00
1.519344e+02	2.476260e-03	3.390572e+00
1.545505e+02	2.514420e-03	3.390572e+00
1.571663e+02	2.566500e-03	3.390572e+00
1.597824e+02	2.626260e-03	3.390572e+00
1.623983e+02	2.677840e-03	3.390572e+00
1.650143e+02	2.724690e-03	3.390572e+00
1.676302e+02	2.772140e-03	3.390572e+00
1.702463e+02	2.819540e-03	3.390572e+00
1.728623e+02	2.866190e-03	3.390572e+00
1.754782e+02	2.907220e-03	3.390572e+00
1.780943e+02	2.955170e-03	3.390572e+00
1.807101e+02	3.018890e-03	3.390572e+00
1.833262e+02	3.080630e-03	3.390572e+00
1.859423e+02	3.134750e-03	3.390572e+00
1.885581e+02	3.184870e-03	3.390572e+00
1.911742e+02	3.235400e-03	3.390572e+00
1.937900e+02	3.283150e-03	3.390572e+00
1.964061e+02	3.330120e-03	3.390572e+00
1.990220e+02	3.390490e-03	3.390572e+00
2.016380e+02	3.453690e-03	3.390572e+00
2.042541e+02	3.515300e-03	3.390572e+00
2.068699e+02	3.575350e-03	3.390572e+00
2.094860e+02	3.629200e-03	3.390572e+00
2.121019e+02	3.680280e-03	3.390572e+00
2.147180e+02	3.730170e-03	3.390572e+00
2.173338e+02	3.797420e-03	3.390572e+00
2.199499e+02	3.869070e-03	3.390572e+00
2.225659e+02	3.933100e-03	3.390572e+00
2.251823e+02	3.995000e-03	3.390572e+00
2.277967e+02	4.052750e-03	3.390572e+00
2.304135e+02	4.108600e-03	3.390572e+00
2.330302e+02	4.165700e-03	3.390572e+00
2.356447e+02	4.241450e-03	3.390572e+00
2.382615e+02	4.312680e-03	3.390572e+00
2.408783e+02	4.381940e-03	3.390572e+00
2.434928e+02	4.446320e-03	3.390572e+00
2.461095e+02	4.502410e-03	3.390572e+00
2.487262e+02	4.559860e-03	3.390572e+00
2.513407e+02	4.638630e-03	3.390572e+00
2.539575e+02	4.718730e-03	3.390572e+00
2.565743e+02	4.787910e-03	3.390572e+00
2.591887e+02	4.855770e-03	3.390572e+00
2.618055e+02	4.918870e-03	3.390572e+00
2.644223e+02	4.986300e-03	3.390572e+00
2.670368e+02	5.074350e-03	3.390572e+00
2.696535e+02	5.156340e-03	3.390572e+00
2.722702e+02	5.231200e-03	3.390572e+00
2.748847e+02	5.299810e-03	3.390572e+00
2.775015e+02	5.366650e-03	3.390572e+00
2.801182e+02	5.456060e-03	3.390572e+00
2.827328e+02	5.542410e-03	3.390572e+00
2.853495e+02	5.620900e-03	3.390572e+00
2.879663e+02	5.692570e-03	3.390572e+00
2.905807e+02	5.763990e-03	3.390572e+00
2.931975e+02	5.858170e-03	3.390572e+00
2.958143e+02	5.951880e-03	3.390572e+00
2.984287e+02	6.036420e-03	3.390572e+00
3.010455e+02	6.117120e-03	3.390572e+00
3.036623e+02	6.194960e-03	3.390572e+00
3.062767e+02	6.297220e-03	3.390572e+00
3.088935e+02	6.391870e-03	3.390572e+00
3.115103e+02	6.476960e-03	3.390572e+00
3.141247e+02	6.557960e-03	3.390572e+00
3.167415e+02	6.654320e-03	3.390572e+00
3.193560e+02	6.757780e-03	3.390572e+00
3.219727e+02	6.850040e-03	3.390572e+00
3.245895e+02	6.936710e-03	3.390572e+00
3.272040e+02	7.032800e-03	3.390572e+00
3.298207e+02	7.151300e-03	3.390572e+00
3.324375e+02	7.255670e-03	3.390572e+00
3.350520e+02	7.348300e-03	3.390572e+00
3.376687e+02	7.455260e-03	3.390572e+00
3.402855e+02	7.575390e-03	3.390572e+00
3.429000e+02	7.680710e-03	3.390572e+00
3.455168e+02	7.773800e-03	3.390572e+00
3.481335e+02	7.893030e-03	3.390572e+00
3.507480e+02	8.017890e-03	3.390572e+00
3.533647e+02	8.129020e-03	3.390572e+00
3.559815e+02	8.237230e-03	3.390572e+00
3.585960e+02	8.373560e-03	3.390572e+00
3.612127e+02	8.493710e-03	3.390572e+00
3.638295e+02	8.595180e-03	3.390572e+00
3.664440e+02	8.723350e-03	3.390572e+00
3.690607e+02	8.847510e-03	3.390572e+00
3.716775e+02	8.958570e-03	3.390572e+00
3.742920e+02	9.083730e-03	3.390572e+00
3.769087e+02	9.226290e-03	3.390572e+00
3.795255e+02	9.348250e-03	3.390572e+00
3.821400e+02	9.470450e-03	3.390572e+00
3.847567e+02	9.621010e-03	3.390572e+00
3.873735e+02	9.750760e-03	3.390572e+00
3.899880e+02	9.878500e-03	3.390572e+00
3.926048e+02	1.003070e-02	3.390572e+00
3.952215e+02	1.016150e-02	3.390572e+00
3.978360e+02	1.030390e-02	3.390572e+00
4.004528e+02	1.046390e-02	3.390572e+00
4.030695e+02	1.059820e-02	3.390572e+00
4.056840e+02	1.075220e-02	3.390572e+00
4.083008e+02	1.091360e-02	3.390572e+00
4.109152e+02	1.105850e-02	3.390572e+00
4.135320e+02	1.123350e-02	3.390572e+00
4.161488e+02	1.138560e-02	3.390572e+00
4.187632e+02	1.154960e-02	3.390572e+00
4.213800e+02	1.172610e-02	3.390572e+00
4.239968e+02	1.188590e-02	3.390572e+00
4.266112e+02	1.207360e-02	3.390572e+00
4.291988e+02	1.222980e-02	3.390572e+00
4.318448e+02	1.242400e-02	3.390572e+00
4.344592e+02	1.259290e-02	3.390572e+00
4.370760e+02	1.276770e-02	3.390572e+00
4.396928e+02	1.294940e-02	3.390572e+00
4.423072e+02	1.311390e-02	3.390572e+00
4.449240e+02	1.331500e-02	3.390572e+00
4.475408e+02	1.349470e-02	3.390572e+00
4.501552e+02	1.370180e-02	3.390572e+00
4.527720e+02	1.388130e-02	3.390572e+00
4.553888e+02	1.409350e-02	3.390572e+00
4.580032e+02	1.428100e-02	3.390572e+00
4.606200e+02	1.449730e-02	3.390572e+00
4.632368e+02	1.468580e-02	3.390572e+00
4.658512e+02	1.490720e-02	3.390572e+00
4.684680e+02	1.510740e-02	3.390572e+00
4.710848e+02	1.533000e-02	3.390572e+00
4.736992e+02	1.553070e-02	3.390572e+00
4.763160e+02	1.575470e-02	3.390572e+00
4.789327e+02	1.596650e-02	3.390572e+00
4.815472e+02	1.619820e-02	3.390572e+00
4.841640e+02	1.641400e-02	3.390572e+00
4.867808e+02	1.663800e-02	3.390572e+00
4.893952e+02	1.686890e-02	3.390572e+00
4.918005e+02	1.708350e-02	3.390572e+00
4.946288e+02	1.735850e-02	3.390572e+00
4.972433e+02	1.759050e-02	3.390572e+00
4.998600e+02	1.784140e-02	3.390572e+00
5.024745e+02	1.809440e-02	3.390572e+00
5.050913e+02	1.833520e-02	3.390572e+00
5.077080e+02	1.859560e-02	3.390572e+00
5.103225e+02	1.883650e-02	3.390572e+00
5.129393e+02	1.908720e-02	3.390572e+00
5.155560e+02	1.936000e-02	3.390572e+00
5.181705e+02	1.962100e-02	3.390572e+00
5.207873e+02	1.989350e-02	3.390572e+00
5.234040e+02	2.016930e-02	3.390572e+00
5.260185e+02	2.043030e-02	3.390572e+00
5.286353e+02	2.070270e-02	3.390572e+00
5.312520e+02	2.097860e-02	3.390572e+00
5.338665e+02	2.123960e-02	3.390572e+00
5.364832e+02	2.151200e-02	3.390572e+00
5.391000e+02	2.179980e-02	3.390572e+00
5.417145e+02	2.206510e-02	3.390572e+00
5.443313e+02	2.234100e-02	3.390572e+00
5.469480e+02	2.262670e-02	3.390572e+00
5.495625e+02	2.289400e-02	3.390572e+00
5.519430e+02	2.315060e-02	3.390572e+00
5.547960e+02	2.347720e-02	3.390572e+00
5.574105e+02	2.376930e-02	3.390572e+00
5.600272e+02	2.405440e-02	3.390572e+00
5.626440e+02	2.434920e-02	3.390572e+00
5.652585e+02	2.465520e-02	3.390572e+00
5.678753e+02	2.495360e-02	3.390572e+00
5.704920e+02	2.525130e-02	3.390572e+00
5.731065e+02	2.555580e-02	3.390572e+00
5.757233e+02	2.586630e-02	3.390572e+00
5.783400e+02	2.630470e-02	3.390572e+00
5.809365e+02	2.679090e-02	3.390572e+00
5.831438e+02	2.719530e-02	3.390572e+00
5.861880e+02	2.759180e-02	3.390572e+00
5.888025e+02	2.793430e-02	3.390572e+00
5.914193e+02	2.827080e-02	3.390572e+00
5.940337e+02	2.861610e-02	3.390572e+00
5.966505e+02	2.896250e-02	3.390572e+00
5.992672e+02	2.931000e-02	3.390572e+00
6.015600e+02	2.962220e-02	3.390572e+00
6.044985e+02	3.001640e-02	3.390572e+00
1.093770e+02	9.044750e-04	4.945647e+00
1.126946e+02	9.411550e-04	4.945647e+00
1.153107e+02	9.664910e-04	4.945647e+00
1.179268e+02	9.879630e-04	4.945647e+00
1.205426e+02	1.009020e-03	4.945647e+00
1.231587e+02	1.031010e-03	4.945647e+00
1.257746e+02	1.056360e-03	4.945647e+00
1.283906e+02	1.078700e-03	4.945647e+00
1.310065e+02	1.101660e-03	4.945647e+00
1.336225e+02	1.124840e-03	4.945647e+00
1.362386e+02	1.147380e-03	4.945647e+00
1.388545e+02	1.167320e-03	4.945647e+00
1.414706e+02	1.184870e-03	4.945647e+00
1.440864e+02	1.202060e-03	4.945647e+00
1.467025e+02	1.219430e-03	4.945647e+00
1.493183e+02	1.240110e-03	4.945647e+00
1.519344e+02	1.257220e-03	4.945647e+00
1.545505e+02	1.276250e-03	4.945647e+00
1.571663e+02	1.295230e-03	4.945647e+00
1.597824e+02	1.317000e-03	4.945647e+00
1.623983e+02	1.344160e-03	4.945647e+00
1.650143e+02	1.368380e-03	4.945647e+00
1.676302e+02	1.392870e-03	4.945647e+00
1.702463e+02	1.418050e-03	4.945647e+00
1.728623e+02	1.444900e-03	4.945647e+00
1.754782e+02	1.467650e-03	4.945647e+00
1.780943e+02	1.490160e-03	4.945647e+00
1.807101e+02	1.515730e-03	4.945647e+00
1.833262e+02	1.541120e-03	4.945647e+00
1.859423e+02	1.564060e-03	4.945647e+00
1.885581e+02	1.587280e-03	4.945647e+00
1.911742e+02	1.613000e-03	4.945647e+00
1.937900e+02	1.638260e-03	4.945647e+00
1.964061e+02	1.662230e-03	4.945647e+00
1.990220e+02	1.681590e-03	4.945647e+00
2.016380e+02	1.702540e-03	4.945647e+00
2.042541e+02	1.730710e-03	4.945647e+00
2.068699e+02	1.763660e-03	4.945647e+00
2.094860e+02	1.793030e-03	4.945647e+00
2.121019e+02	1.820690e-03	4.945647e+00
2.147180e+02	1.847950e-03	4.945647e+00
2.173338e+02	1.874910e-03	4.945647e+00
2.199499e+02	1.904300e-03	4.945647e+00
2.225659e+02	1.929130e-03	4.945647e+00
2.251823e+02	1.958620e-03	4.945647e+00
2.277967e+02	1.990830e-03	4.945647e+00
2.304135e+02	2.022360e-03	4.945647e+00
2.330302e+02	2.049130e-03	4.945647e+00
2.356447e+02	2.075780e-03	4.945647e+00
2.382615e+02	2.104640e-03	4.945647e+00
2.408783e+02	2.138340e-03	4.945647e+00
2.434928e+02	2.174200e-03	4.945647e+00
2.461095e+02	2.204770e-03	4.945647e+00
2.487262e+02	2.234850e-03	4.945647e+00
2.513407e+02	2.264550e-03	4.945647e+00
2.539575e+02	2.296810e-03	4.945647e+00
2.565743e+02	2.329560e-03	4.945647e+00
2.591887e+02	2.362970e-03	4.945647e+00
2.618055e+02	2.397320e-03	4.945647e+00
2.644223e+02	2.434130e-03	4.945647e+00
2.670368e+02	2.469280e-03	4.945647e+00
2.696535e+02	2.499770e-03	4.945647e+00
2.722702e+02	2.533450e-03	4.945647e+00
2.748847e+02	2.575560e-03	4.945647e+00
2.775015e+02	2.616040e-03	4.945647e+00
2.801182e+02	2.649650e-03	4.945647e+00
2.827328e+02	2.683960e-03	4.945647e+00
2.853495e+02	2.720730e-03	4.945647e+00
2.879663e+02	2.759320e-03	4.945647e+00
2.905807e+02	2.798000e-03	4.945647e+00
2.931975e+02	2.833580e-03	4.945647e+00
2.958143e+02	2.874610e-03	4.945647e+00
2.984287e+02	2.917180e-03	4.945647e+00
3.010455e+02	2.963190e-03	4.945647e+00
3.036623e+02	3.002550e-03	4.945647e+00
3.062767e+02	3.041380e-03	4.945647e+00
3.088935e+02	3.083030e-03	4.945647e+00
3.115103e+02	3.129410e-03	4.945647e+00
3.141247e+02	3.173120e-03	4.945647e+00
3.167415e+02	3.213320e-03	4.945647e+00
3.193560e+02	3.258500e-03	4.945647e+00
3.219727e+02	3.305410e-03	4.945647e+00
3.245895e+02	3.355050e-03	4.945647e+00
3.272040e+02	3.399390e-03	4.945647e+00
3.298207e+02	3.445950e-03	4.945647e+00
3.324375e+02	3.494740e-03	4.945647e+00
3.350520e+02	3.549430e-03	4.945647e+00
3.376687e+02	3.600030e-03	4.945647e+00
3.402855e+02	3.645360e-03	4.945647e+00
3.429000e+02	3.697830e-03	4.945647e+00
3.455168e+02	3.753440e-03	4.945647e+00
3.481335e+02	3.810630e-03	4.945647e+00
3.507480e+02	3.862630e-03	4.945647e+00
3.533647e+02	3.917470e-03	4.945647e+00
3.559815e+02	3.974950e-03	4.945647e+00
3.585960e+02	4.037100e-03	4.945647e+00
3.612127e+02	4.094300e-03	4.945647e+00
3.638295e+02	4.144930e-03	4.945647e+00
3.664440e+02	4.201610e-03	4.945647e+00
3.690607e+02	4.265270e-03	4.945647e+00
3.716775e+02	4.328930e-03	4.945647e+00
3.742920e+02	4.384880e-03	4.945647e+00
3.769087e+02	4.445550e-03	4.945647e+00
3.795255e+02	4.511710e-03	4.945647e+00
3.821400e+02	4.581270e-03	4.945647e+00
3.847567e+02	4.646550e-03	4.945647e+00
3.873735e+02	4.709350e-03	4.945647e+00
3.899880e+02	4.776420e-03	4.945647e+00
3.926048e+02	4.848310e-03	4.945647e+00
3.952215e+02	4.923320e-03	4.945647e+00
3.978360e+02	4.989300e-03	4.945647e+00
4.004528e+02	5.058440e-03	4.945647e+00
4.030695e+02	5.134410e-03	4.945647e+00
4.056840e+02	5.215930e-03	4.945647e+00
4.083008e+02	5.292820e-03	4.945647e+00
4.109152e+02	5.364550e-03	4.945647e+00
4.135320e+02	5.443420e-03	4.945647e+00
4.161488e+02	5.532700e-03	4.945647e+00
4.187632e+02	5.621980e-03	4.945647e+00
4.213800e+02	5.701060e-03	4.945647e+00
4.239968e+02	5.780420e-03	4.945647e+00
4.266112e+02	5.875080e-03	4.945647e+00
4.292280e+02	5.972750e-03	4.945647e+00
4.318448e+02	6.064250e-03	4.945647e+00
4.344592e+02	6.146130e-03	4.945647e+00
4.370760e+02	6.235380e-03	4.945647e+00
4.396928e+02	6.336840e-03	4.945647e+00
4.423072e+02	6.438290e-03	4.945647e+00
4.449240e+02	6.530940e-03	4.945647e+00
4.475408e+02	6.624460e-03	4.945647e+00
4.501552e+02	6.730740e-03	4.945647e+00
4.527720e+02	6.843260e-03	4.945647e+00
4.553888e+02	6.951210e-03	4.945647e+00
4.580032e+02	7.050850e-03	4.945647e+00
4.606200e+02	7.164480e-03	4.945647e+00
4.632368e+02	7.284710e-03	4.945647e+00
4.658512e+02	7.391020e-03	4.945647e+00
4.684680e+02	7.500490e-03	4.945647e+00
4.710848e+02	7.621730e-03	4.945647e+00
4.736992e+02	7.750230e-03	4.945647e+00
4.763160e+02	7.874130e-03	4.945647e+00
4.789327e+02	7.988760e-03	4.945647e+00
4.815472e+02	8.113090e-03	4.945647e+00
4.841640e+02	8.249650e-03	4.945647e+00
4.867808e+02	8.388460e-03	4.945647e+00
4.893952e+02	8.518960e-03	4.945647e+00
4.920120e+02	8.648790e-03	4.945647e+00
4.946288e+02	8.793860e-03	4.945647e+00
4.972433e+02	8.948050e-03	4.945647e+00
4.998600e+02	9.099090e-03	4.945647e+00
5.024745e+02	9.235740e-03	4.945647e+00
5.050913e+02	9.377010e-03	4.945647e+00
5.077080e+02	9.539450e-03	4.945647e+00
5.103225e+02	9.702930e-03	4.945647e+00
5.129393e+02	9.858550e-03	4.945647e+00
5.155560e+02	1.000770e-02	4.945647e+00
5.181705e+02	1.017130e-02	4.945647e+00
5.207873e+02	1.034710e-02	4.945647e+00
5.234040e+02	1.052340e-02	4.945647e+00
5.260185e+02	1.068890e-02	4.945647e+00
5.286353e+02	1.085710e-02	4.945647e+00
5.312520e+02	1.104350e-02	4.945647e+00
5.338665e+02	1.123660e-02	4.945647e+00
5.364472e+02	1.142080e-02	4.945647e+00
5.391000e+02	1.159540e-02	4.945647e+00
5.417145e+02	1.177530e-02	4.945647e+00
5.443313e+02	1.197260e-02	4.945647e+00
5.469480e+02	1.217110e-02	4.945647e+00
5.495625e+02	1.236500e-02	4.945647e+00
5.521793e+02	1.255640e-02	4.945647e+00
5.547960e+02	1.276400e-02	4.945647e+00
5.574105e+02	1.298240e-02	4.945647e+00
5.600272e+02	1.320070e-02	4.945647e+00
5.626440e+02	1.340340e-02	4.945647e+00
5.652585e+02	1.360920e-02	4.945647e+00
5.678753e+02	1.383260e-02	4.945647e+00
5.704920e+02	1.406140e-02	4.945647e+00
5.731065e+02	1.428690e-02	4.945647e+00
5.757233e+02	1.450570e-02	4.945647e+00
5.783400e+02	1.473020e-02	4.945647e+00
5.809545e+02	1.497400e-02	4.945647e+00
5.835712e+02	1.521780e-02	4.945647e+00
5.861880e+02	1.545050e-02	4.945647e+00
5.888025e+02	1.567540e-02	4.945647e+00
5.914193e+02	1.591180e-02	4.945647e+00
5.940337e+02	1.615930e-02	4.945647e+00
5.966505e+02	1.640680e-02	4.945647e+00
5.992672e+02	1.664280e-02	4.945647e+00
6.018818e+02	1.687820e-02	4.945647e+00
6.044985e+02	1.712860e-02	4.945647e+00
6.071153e+02	1.738430e-02	4.945647e+00
6.097297e+02	1.763980e-02	4.945647e+00
6.123262e+02	1.789240e-02	4.945647e+00
6.149633e+02	1.818970e-02	4.945647e+00
6.175777e+02	1.862320e-02	4.945647e+00
6.201945e+02	1.892070e-02	4.945647e+00
2.692485e+02	9.044750e-04	8.795094e+00
2.722702e+02	9.196890e-04	8.795094e+00
2.748847e+02	9.329570e-04	8.795094e+00
2.775015e+02	9.494240e-04	8.795094e+00
2.801182e+02	9.627790e-04	8.795094e+00
2.827328e+02	9.754530e-04	8.795094e+00
2.853495e+02	9.884470e-04	8.795094e+00
2.879663e+02	1.001600e-03	8.795094e+00
2.905807e+02	1.015680e-03	8.795094e+00
2.931975e+02	1.032260e-03	8.795094e+00
2.958143e+02	1.048190e-03	8.795094e+00
2.984287e+02	1.063520e-03	8.795094e+00
3.010455e+02	1.079460e-03	8.795094e+00
3.036623e+02	1.091970e-03	8.795094e+00
3.062767e+02	1.105410e-03	8.795094e+00
3.088935e+02	1.118990e-03	8.795094e+00
3.115103e+02	1.132090e-03	8.795094e+00
3.141247e+02	1.146130e-03	8.795094e+00
3.167415e+02	1.160170e-03	8.795094e+00
3.193560e+02	1.174390e-03	8.795094e+00
3.219727e+02	1.189670e-03	8.795094e+00
3.245895e+02	1.204720e-03	8.795094e+00
3.272040e+02	1.216040e-03	8.795094e+00
3.298207e+02	1.228380e-03	8.795094e+00
3.324375e+02	1.242050e-03	8.795094e+00
3.350520e+02	1.256180e-03	8.795094e+00
3.376687e+02	1.269160e-03	8.795094e+00
3.402855e+02	1.280370e-03	8.795094e+00
3.429000e+02	1.291490e-03	8.795094e+00
3.455168e+02	1.304820e-03	8.795094e+00
3.481335e+02	1.325380e-03	8.795094e+00
3.507480e+02	1.344010e-03	8.795094e+00
3.533647e+02	1.362290e-03	8.795094e+00
3.559815e+02	1.380350e-03	8.795094e+00
3.585960e+02	1.398810e-03	8.795094e+00
3.612127e+02	1.418380e-03	8.795094e+00
3.638295e+02	1.435020e-03	8.795094e+00
3.664440e+02	1.452790e-03	8.795094e+00
3.690607e+02	1.476890e-03	8.795094e+00
3.716775e+02	1.500840e-03	8.795094e+00
3.742920e+02	1.522160e-03	8.795094e+00
3.769087e+02	1.546080e-03	8.795094e+00
3.795255e+02	1.569530e-03	8.795094e+00
3.821400e+02	1.592500e-03	8.795094e+00
3.847567e+02	1.612570e-03	8.795094e+00
3.873735e+02	1.630280e-03	8.795094e+00
3.899880e+02	1.650240e-03	8.795094e+00
3.926048e+02	1.671790e-03	8.795094e+00
3.952215e+02	1.692650e-03	8.795094e+00
3.978360e+02	1.709050e-03	8.795094e+00
4.004528e+02	1.730680e-03	8.795094e+00
4.030695e+02	1.753980e-03	8.795094e+00
4.056840e+02	1.781200e-03	8.795094e+00
4.083008e+02	1.807800e-03	8.795094e+00
4.109152e+02	1.833530e-03	8.795094e+00
4.135320e+02	1.860130e-03	8.795094e+00
4.161488e+02	1.887640e-03	8.795094e+00
4.187632e+02	1.917140e-03	8.795094e+00
4.213800e+02	1.949050e-03	8.795094e+00
4.239968e+02	1.980690e-03	8.795094e+00
4.266112e+02	2.013530e-03	8.795094e+00
4.292280e+02	2.045370e-03	8.795094e+00
4.318448e+02	2.072580e-03	8.795094e+00
4.344592e+02	2.096730e-03	8.795094e+00
4.370760e+02	2.120920e-03	8.795094e+00
4.396928e+02	2.155690e-03	8.795094e+00
4.423072e+02	2.193490e-03	8.795094e+00
4.449240e+02	2.225330e-03	8.795094e+00
4.475408e+02	2.259650e-03	8.795094e+00
4.501552e+02	2.295410e-03	8.795094e+00
4.527720e+02	2.332690e-03	8.795094e+00
4.553888e+02	2.370400e-03	8.795094e+00
4.580032e+02	2.409280e-03	8.795094e+00
4.606200e+02	2.451970e-03	8.795094e+00
4.632368e+02	2.491630e-03	8.795094e+00
4.658512e+02	2.524020e-03	8.795094e+00
4.684680e+02	2.563330e-03	8.795094e+00
4.710848e+02	2.604550e-03	8.795094e+00
4.736992e+02	2.653240e-03	8.795094e+00
4.763160e+02	2.698050e-03	8.795094e+00
4.789327e+02	2.740880e-03	8.795094e+00
4.815472e+02	2.788760e-03	8.795094e+00
4.841640e+02	2.843110e-03	8.795094e+00
4.867808e+02	2.895250e-03	8.795094e+00
4.893952e+02	2.939490e-03	8.795094e+00
4.920120e+02	2.988780e-03	8.795094e+00
4.946288e+02	3.041000e-03	8.795094e+00
4.972433e+02	3.101170e-03	8.795094e+00
4.998600e+02	3.157090e-03	8.795094e+00
5.024745e+02	3.210360e-03	8.795094e+00
5.050913e+02	3.265740e-03	8.795094e+00
5.077080e+02	3.330040e-03	8.795094e+00
5.103225e+02	3.398090e-03	8.795094e+00
5.129393e+02	3.457700e-03	8.795094e+00
5.155560e+02	3.518880e-03	8.795094e+00
5.181705e+02	3.587070e-03	8.795094e+00
5.207873e+02	3.659840e-03	8.795094e+00
5.234040e+02	3.730970e-03	8.795094e+00
5.260185e+02	3.799130e-03	8.795094e+00
5.286353e+02	3.872120e-03	8.795094e+00
5.312520e+02	3.950520e-03	8.795094e+00
5.338665e+02	4.036580e-03	8.795094e+00
5.364832e+02	4.111870e-03	8.795094e+00
5.391000e+02	4.188360e-03	8.795094e+00
5.417145e+02	4.270300e-03	8.795094e+00
5.443313e+02	4.363180e-03	8.795094e+00
5.469480e+02	4.454940e-03	8.795094e+00
5.495625e+02	4.543550e-03	8.795094e+00
5.521793e+02	4.635770e-03	8.795094e+00
5.547960e+02	4.736100e-03	8.795094e+00
5.574105e+02	4.847420e-03	8.795094e+00
5.600272e+02	4.945720e-03	8.795094e+00
5.626440e+02	5.044460e-03	8.795094e+00
5.652585e+02	5.151120e-03	8.795094e+00
5.678753e+02	5.267880e-03	8.795094e+00
5.704920e+02	5.385820e-03	8.795094e+00
5.731065e+02	5.499130e-03	8.795094e+00
5.757233e+02	5.612430e-03	8.795094e+00
5.783400e+02	5.740100e-03	8.795094e+00
5.809545e+02	5.878870e-03	8.795094e+00
5.835712e+02	6.031180e-03	8.795094e+00
5.861880e+02	6.198360e-03	8.795094e+00
5.888025e+02	6.392710e-03	8.795094e+00
5.914193e+02	6.590520e-03	8.795094e+00
5.940337e+02	6.761240e-03	8.795094e+00
5.966505e+02	6.879620e-03	8.795094e+00
5.992672e+02	7.038500e-03	8.795094e+00
6.018818e+02	7.201530e-03	8.795094e+00
6.044985e+02	7.364550e-03	8.795094e+00
6.071153e+02	7.465370e-03	8.795094e+00
6.097297e+02	7.547270e-03	8.795094e+00
6.123465e+02	7.642840e-03	8.795094e+00
6.149633e+02	7.796260e-03	8.795094e+00
6.175777e+02	7.976480e-03	8.795094e+00
6.201945e+02	8.143170e-03	8.795094e+00
6.228112e+02	8.309850e-03	8.795094e+00
6.254257e+02	8.503700e-03	8.795094e+00
6.280425e+02	8.695500e-03	8.795094e+00
